4,3468,5
4,3468,5
4,1210,3
4,2951,4
4,1036,4
4,260,5
4,480,4
4,1196,2
4,1198,5
4,1954,5
4,1097,4
4,3418,4
4,2366,4
4,1387,5
4,3527,1
4,1201,5
4,2692,5
4,2947,5
4,1240,5
21,2700,5
21,2700,5
21,585,3
21,588,3
21,3000,5
21,1,3
21,596,1
21,1274,3
21,3053,1
21,3704,4
21,2761,3
21,2355,3
21,3745,5
21,1645,1
21,2018,1
21,3268,3
21,2394,1
21,3774,1
47,1193,4
47,1193,4
47,593,2
47,318,4
47,249,4
47,2804,4
47,902,4
47,17,5
47,1956,4
47,858,4
47,34,4
47,1041,5
47,58,3
47,1208,4
47,608,3
47,1213,4
47,1221,4
47,1089,3
66,1259,5
66,1259,5
66,1272,5
66,2399,2
66,1919,2
66,344,4
66,1961,5
66,2694,5
66,3578,5
66,2858,5
66,2791,5
66,524,5
66,3753,5
66,3755,1
66,2028,5
66,480,5
66,1090,4
66,637,3
89,3868,1
89,3868,1
89,3869,1
89,1193,5
89,733,5
89,920,5
89,2431,5
89,3173,4
89,3408,4
89,3265,4
89,2791,1
89,2792,1
89,3740,3
89,2947,5
89,1136,1
89,1218,4
89,2028,4
98,648,4
98,648,4
98,593,3
98,2241,3
98,920,5
98,1562,3
98,3244,3
98,3507,4
98,2657,1
98,3578,5
98,296,4
98,2791,5
98,1129,4
98,1997,2
98,527,5
98,3821,4
98,2028,5
160,3793,3
160,3793,3
160,3798,3
160,1282,4
160,1286,5
160,2160,3
160,1387,3
160,1396,4
160,3185,3
160,3510,3
160,260,4
160,2858,4
160,2791,3
160,1210,3
160,480,4
160,3916,5
160,1097,3
197,1259,5
197,1259,5
197,1370,2
197,2324,5
197,1393,3
197,3147,4
197,2272,4
197,3160,4
197,318,5
197,3538,5
197,265,5
197,3481,4
197,412,2
197,1060,4
197,1222,4
197,480,3
197,1090,3
197,1246,5
213,1,5
213,1,5
213,1265,3
213,3114,5
213,920,4
213,2355,5
213,2431,5
213,3253,3
213,1580,4
213,110,5
213,1680,4
213,224,5
213,260,4
213,11,4
213,1042,4
213,440,4
213,1210,4
217,648,3
217,648,3
217,1250,3
217,2134,2
217,1197,5
217,2302,4
217,1617,3
217,2542,5
217,3354,2
217,3484,1
217,2763,5
217,2918,5
217,3578,4
217,2858,4
217,50,5
217,3745,5
217,480,3
217,1097,3
250,1249,4
250,1249,4
250,648,4
250,1466,4
250,1544,4
250,3078,3
250,3286,2
250,3510,5
250,3452,4
250,356,4
250,2791,5
250,1129,5
250,2948,5
250,1214,4
250,1097,3
276,1249,4
276,1249,4
276,1350,4
276,2160,2
276,1466,3
276,951,5
276,1721,2
276,154,3
276,2858,5
276,2789,2
276,2791,4
276,524,4
276,1221,4
276,480,4
276,1234,4
276,1090,4
276,1171,4
277,589,4
277,589,4
277,1265,4
277,1197,4
277,593,4
277,2291,3
277,1580,4
277,2396,4
277,2628,4
277,2571,5
277,2762,5
277,356,4
277,2916,3
277,293,4
277,380,3
311,648,5
311,648,5
311,1196,4
311,1291,4
311,1544,2
311,3156,4
311,1704,5
311,260,5
311,3623,4
311,1968,5
311,296,4
311,527,4
311,457,3
311,480,5
311,2115,5
313,1248,5
313,1248,5
313,648,3
313,3793,5
313,2219,4
313,1282,3
313,1466,4
313,2657,4
313,2732,5
313,1961,4
313,3578,4
313,2858,4
313,2791,4
313,2948,5
313,70,3
313,3751,5
313,551,4
313,480,3
313,3786,5
317,1252,5
317,1252,5
317,1193,4
317,1196,4
317,1294,4
317,912,5
317,3421,2
317,2804,3
317,3471,5
317,260,4
317,3552,2
317,1957,4
317,1961,4
317,1962,4
317,2000,4
317,1136,5
317,1225,4
317,1097,4
317,3929,4
320,1249,5
320,1249,5
320,804,4
320,1196,5
320,1282,4
320,2160,5
320,3072,3
320,3513,4
320,3555,4
320,361,4
320,2858,5
320,2948,3
320,3753,5
320,3755,2
320,480,5
341,1249,5
341,1249,5
341,648,5
341,1286,5
341,3300,3
341,110,5
341,1584,4
341,3265,5
341,3510,4
341,1912,5
341,327,4
341,3624,3
341,2692,3
341,2791,5
341,3755,2
341,1214,4
341,480,3
341,1233,5
356,2122,4
356,2122,4
356,3016,4
356,2357,5
356,2505,5
356,3175,5
356,2617,4
356,1690,5
356,1771,5
356,1779,3
356,3461,5
356,253,5
356,2676,5
356,3709,5
356,1997,3
356,480,4
356,3927,4
383,3798,3
383,3798,3
383,2997,4
383,3114,4
383,913,5
383,780,2
383,3176,4
383,2531,3
383,223,3
383,237,4
383,2762,4
383,2690,4
383,508,4
383,2858,4
383,2959,2
417,588,3
417,588,3
417,1,4
417,2139,5
417,596,3
417,1274,5
417,741,3
417,2078,3
417,968,5
417,2700,3
417,260,5
417,2918,5
417,1033,3
417,1036,5
417,2857,5
417,3745,3
417,1148,5
421,3005,5
421,3005,5
421,1422,4
421,1370,5
421,1479,4
421,879,4
421,2423,5
421,1721,3
421,2713,4
421,165,5
421,11,5
421,3555,4
421,2762,5
421,380,5
421,1210,5
421,3755,3
421,558,4
421,2046,4
448,2485,3
448,2485,3
448,3481,1
448,2688,4
448,2840,4
448,2841,3
448,440,4
448,1513,2
448,1721,4
448,2395,3
448,2396,5
448,1748,2
448,2701,3
448,2713,1
448,2581,4
448,2763,5
448,95,3
448,1097,4
455,1254,4
455,1254,4
455,1270,3
455,905,4
455,910,5
455,2406,4
455,933,3
455,3072,4
455,951,4
455,955,4
455,1304,5
455,1196,3
455,1198,5
455,1721,4
455,2396,5
455,3363,4
455,345,4
455,1028,5
455,1230,4
489,750,4
489,750,4
489,2279,1
489,2291,3
489,3456,1
489,1136,5
489,1148,5
489,3863,3
489,3864,1
489,1193,5
489,1196,2
489,1197,3
489,858,5
489,1012,2
489,30,1
489,2788,5
489,1208,5
489,1210,2
489,1097,3
491,2997,4
491,2997,4
491,1259,5
491,1,2
491,3082,4
491,2858,5
491,1120,5
491,647,3
491,1196,1
491,2174,1
491,110,4
491,2571,5
491,3536,4
491,356,5
491,2915,3
491,1036,3
491,519,2
491,1210,1
491,1242,5
535,2987,3
535,2987,3
535,1127,3
535,608,5
535,480,4
535,631,2
535,3176,4
535,2394,5
535,2702,1
535,2716,4
535,3543,4
535,2761,5
535,1210,5
559,1265,2
559,1265,2
559,593,4
559,924,5
559,1483,2
559,2291,3
559,1641,4
559,1183,1
559,1185,3
559,1188,3
559,2396,2
559,3370,4
559,3536,2
559,185,3
559,17,2
559,3700,1
559,2762,5
568,1252,4
568,1252,4
568,733,5
568,1610,4
568,1617,5
568,3418,5
568,3893,4
568,858,5
568,110,5
568,3198,4
568,124,5
568,1788,2
568,318,4
568,1010,4
568,349,4
568,527,5
568,2006,5
568,1086,4
572,3793,3
572,3793,3
572,3225,4
572,3408,3
572,3285,2
572,3615,2
572,3616,3
572,2820,2
572,3623,4
572,3861,5
572,1374,3
572,3177,3
572,3578,4
572,3594,3
572,2006,5
572,3916,5
572,1097,3
574,2997,3
574,2997,3
574,3006,3
574,1274,4
574,2405,1
574,3426,1
574,246,3
574,296,5
574,2858,5
574,608,5
574,318,5
574,2599,5
574,1961,4
574,32,5
574,50,5
574,527,5
574,1213,5
574,2966,3
574,1243,5
600,2987,3
600,2987,3
600,2997,4
600,2433,4
600,3617,4
600,2683,4
600,3646,2
600,2858,5
600,440,4
600,3101,5
600,3175,4
600,104,4
600,2701,1
600,2706,3
600,2712,5
600,2716,5
600,1959,4
600,1997,4
600,2961,1
619,2997,4
619,2997,4
619,1294,3
619,2248,5
619,916,3
619,2423,3
619,232,4
619,2804,4
619,3623,2
619,2858,5
619,1136,4
619,3871,3
619,1196,4
619,2797,4
619,1220,5
619,3911,5
619,1230,5
619,1244,4
640,2997,5
640,2997,5
640,6,4
640,3006,5
640,1294,2
640,778,5
640,1617,5
640,1619,4
640,1673,5
640,2672,5
640,1358,3
640,175,4
640,2762,5
640,1961,5
640,351,1
640,34,5
653,2997,4
653,2997,4
653,1,3
653,3408,4
653,1680,5
653,2490,4
653,2686,4
653,2688,4
653,2858,3
653,1513,5
653,3176,4
653,3179,5
653,1721,4
653,1727,4
653,2396,5
653,2712,3
653,3516,5
653,2585,4
653,2734,5
665,1258,4
665,1258,4
665,1407,4
665,590,2
665,799,4
665,2288,4
665,253,5
665,3661,2
665,2867,1
665,1527,5
665,1529,5
665,3324,3
665,188,2
665,1982,5
665,2003,4
665,1214,2
665,1219,5
703,3932,4
703,3932,4
703,1259,5
703,1269,4
703,1282,4
703,1284,5
703,951,5
703,2291,4
703,1648,4
703,3251,4
703,277,3
703,1198,2
703,2160,4
703,858,5
703,1965,4
703,1035,3
708,1259,3
708,1259,3
708,589,5
708,2291,1
708,1673,4
708,277,5
708,3675,4
708,2109,5
708,648,3
708,694,3
708,1580,3
708,110,5
708,2791,4
708,1201,5
708,3753,5
708,3755,2
708,2023,5
723,1249,4
723,1249,4
723,2694,5
723,1892,3
723,2840,3
723,292,3
723,1513,4
723,2502,4
723,3175,4
723,1580,5
723,2701,3
723,2706,5
723,2710,2
723,1912,3
723,2580,5
723,2598,3
723,2762,2
723,3578,4
723,2959,5
745,3946,5
745,3946,5
745,3948,5
745,3952,4
745,2420,2
745,2826,4
745,3880,1
745,3882,1
745,3886,1
745,3893,1
745,3895,3
745,3896,1
745,3897,1
745,3317,4
745,3754,3
745,3908,4
745,1221,5
745,3911,2
745,3915,1
761,3793,5
761,3793,5
761,589,5
761,3948,4
761,924,5
761,2105,4
761,3114,5
761,2325,5
761,3147,5
761,1590,4
761,2571,5
761,1917,3
761,2582,5
761,3745,4
761,2028,5
775,3052,3
775,3052,3
775,3400,3
775,3408,5
775,2858,4
775,480,3
775,1704,5
775,3174,4
775,2713,5
775,1923,5
775,3535,1
775,3555,5
775,2762,3
775,364,4
775,529,4
775,3755,5
775,2028,5
775,3785,4
782,3002,4
782,3002,4
782,2291,3
782,3481,4
782,648,3
782,3159,4
782,3300,2
782,3173,3
782,3354,2
782,3510,4
782,3513,3
782,306,5
782,3555,3
782,3745,4
782,3751,4
782,3753,3
782,3755,3
782,2023,3
782,3911,4
821,588,3
821,588,3
821,3948,2
821,2628,2
821,261,2
821,2135,3
821,3880,4
821,3893,3
821,2524,4
821,3509,3
821,2769,2
821,3901,1
821,3910,5
821,3913,4
821,3915,2
821,3916,3
833,3798,4
833,3798,4
833,593,5
833,1271,4
833,1882,4
833,2688,5
833,457,3
833,1193,5
833,3101,3
833,1704,4
833,316,4
833,344,2
833,2762,4
833,1035,5
833,2028,5
902,2987,5
902,2987,5
902,3016,3
902,2070,5
902,913,5
902,3203,4
902,968,5
902,2669,5
902,2670,5
902,3638,3
902,2147,3
902,2710,5
902,3375,3
902,2722,4
902,2757,4
902,1959,5
902,2901,4
902,2013,4
906,780,5
906,780,5
906,208,2
906,2485,1
906,1895,4
906,2500,1
906,110,5
906,2541,5
906,2571,5
906,1917,3
906,1923,5
906,15,1
906,3702,5
906,3593,1
906,69,3
906,2011,5
906,2012,4
906,3901,1
906,2028,5
907,1250,4
907,1250,4
907,1252,4
907,1267,4
907,593,4
907,913,4
907,1617,4
907,3467,4
907,1300,4
907,1193,4
907,898,4
907,1586,2
907,1204,4
907,1210,4
907,1221,4
907,2028,5
907,1247,4
932,593,5
932,593,5
932,1270,2
932,745,5
932,912,5
932,1620,4
932,2609,5
932,246,5
932,2677,5
932,265,5
932,2858,5
932,1148,5
932,3863,5
932,2353,2
932,3386,2
932,36,5
932,527,5
932,1213,5
947,1296,4
947,1296,4
947,2243,4
947,2406,3
947,3072,1
947,3094,3
947,2469,1
947,249,1
947,440,4
947,2100,3
947,1197,5
947,2143,2
947,2145,4
947,1794,4
951,2987,5
951,2987,5
951,720,5
951,1,5
951,596,5
951,745,5
951,963,5
951,3499,5
951,2899,3
951,3114,5
951,1385,4
951,349,4
951,2761,5
951,3725,2
951,3751,5
951,2018,5
951,1223,5
986,3930,4
986,3930,4
986,3936,4
986,3948,5
986,3949,5
986,3676,5
986,1320,4
986,1526,3
986,199,4
986,2028,5
986,3911,5
986,3914,3
986,3916,5
986,3923,4
986,3927,3
1070,593,5
1070,593,5
1070,785,5
1070,216,5
1070,3489,3
1070,296,2
1070,858,1
1070,2335,5
1070,3160,2
1070,3555,5
1070,2916,5
1070,3753,5
1070,1213,1
1070,3902,1
1070,1221,1
1070,2028,5
1070,3916,5
1070,2985,4
1126,1266,5
1126,1266,5
1126,590,4
1126,736,3
1126,593,4
1126,1694,3
1126,2858,2
1126,480,3
1126,808,4
1126,2310,4
1126,3147,5
1126,1721,4
1126,110,5
1126,2706,1
1126,303,3
1126,3735,3
1126,527,5
1126,2028,5
1144,1249,4
1144,1249,4
1144,1259,4
1144,589,3
1144,748,3
1144,908,5
1144,480,4
1144,1580,3
1144,110,4
1144,144,5
1144,300,5
1144,3534,2
1144,3538,5
1144,3555,3
1144,1035,5
1144,2791,4
1144,2948,4
1144,2028,4
1154,3948,4
1154,3948,4
1154,2076,5
1154,3043,1
1154,779,2
1154,924,5
1154,2826,3
1154,3660,1
1154,640,1
1154,3863,4
1154,3895,2
1154,3896,4
1154,3897,5
1154,2311,3
1154,356,5
1154,1032,5
1154,1203,4
1157,1259,5
1157,1259,5
1157,589,5
1157,1408,5
1157,908,5
1157,1610,5
1157,2272,2
1157,3450,4
1157,2858,3
1157,457,5
1157,480,5
1157,1580,5
1157,2391,3
1157,141,5
1157,2571,4
1157,1953,5
1157,1968,4
1157,353,4
1166,1249,4
1166,1249,4
1166,2291,4
1166,1673,5
1166,2657,3
1166,2802,2
1166,2858,5
1166,2160,5
1166,3160,5
1166,1580,4
1166,3555,4
1166,3566,3
1166,2791,4
1166,1210,4
1166,3753,2
1166,1230,4
1189,2987,3
1189,2987,3
1189,1264,3
1189,1265,4
1189,912,5
1189,1694,2
1189,247,4
1189,249,5
1189,417,5
1189,2692,4
1189,293,3
1189,1307,4
1189,3108,4
1189,2323,4
1189,1946,3
1189,17,4
1189,39,4
1189,555,5
1189,1094,3
1197,1249,4
1197,1249,4
1197,1252,4
1197,593,4
1197,904,5
1197,1295,1
1197,924,4
1197,1617,5
1197,608,5
1197,3893,4
1197,1358,5
1197,3155,3
1197,2542,5
1197,1214,4
1197,3909,3
1197,1089,4
1197,3911,5
1197,3916,4
1213,1269,5
1213,1269,5
1213,908,5
1213,924,1
1213,3201,1
1213,969,5
1213,986,5
1213,3418,5
1213,3671,1
1213,3678,4
1213,1178,5
1213,3360,5
1213,3512,5
1213,1929,5
1213,1784,5
1213,2762,5
1213,357,5
1213,1219,5
1213,1234,5
1226,3943,4
1226,3943,4
1226,3948,3
1226,3949,5
1226,3950,3
1226,3952,2
1226,2089,3
1226,2252,2
1226,2102,5
1226,3863,3
1226,1193,4
1226,3893,4
1226,3896,4
1226,3897,2
1226,3568,3
1226,3902,3
1226,3908,2
1226,3911,3
1226,3916,2
1250,2997,5
1250,2997,5
1250,922,5
1250,2600,3
1250,3408,3
1250,2858,5
1250,481,4
1250,1179,5
1250,3897,5
1250,3160,5
1250,3320,4
1250,2706,3
1250,2707,3
1250,2599,3
1250,3910,5
1250,3911,5
1250,3783,5
1282,1259,5
1282,1259,5
1282,1270,4
1282,1673,3
1282,3424,5
1282,266,4
1282,2858,3
1282,3685,3
1282,3868,4
1282,2324,5
1282,110,3
1282,2531,3
1282,2393,4
1282,2716,5
1282,3536,5
1282,1968,4
1282,34,5
1307,1249,4
1307,1249,4
1307,1284,4
1307,908,4
1307,969,5
1307,260,4
1307,2846,5
1307,2858,5
1307,661,4
1307,2382,4
1307,110,4
1307,1962,4
1307,2791,4
1307,534,4
1307,1210,4
1307,1240,5
1318,3943,1
1318,3943,1
1318,260,1
1318,448,3
1318,3889,3
1318,3893,2
1318,3896,3
1318,2356,4
1318,3513,4
1318,3555,4
1318,340,4
1318,1200,4
1318,3908,1
1318,2023,3
1336,720,4
1336,720,4
1336,3006,4
1336,593,4
1336,3952,4
1336,1617,5
1336,2118,3
1336,3114,5
1336,1704,4
1336,2396,4
1336,162,4
1336,34,4
1336,36,3
1336,527,5
1336,2028,5
1336,1089,4
1351,589,4
1351,589,4
1351,733,4
1351,1276,3
1351,903,4
1351,232,4
1351,2804,5
1351,1196,4
1351,1197,5
1351,1357,4
1351,2706,4
1351,2762,5
1351,1036,5
1351,47,4
1351,50,5
1351,2014,4
1363,2997,5
1363,2997,5
1363,1260,5
1363,2064,5
1363,1265,5
1363,3060,5
1363,2427,5
1363,2283,4
1363,2289,5
1363,246,5
1363,3618,4
1363,3481,5
1363,3160,5
1363,2759,4
1363,77,4
1363,549,5
1384,3793,3
1384,3793,3
1384,733,3
1384,908,4
1384,1617,4
1384,1681,1
1384,3481,4
1384,2858,5
1384,480,4
1384,3863,5
1384,3897,5
1384,1580,4
1384,110,4
1384,2571,5
1384,3555,2
1384,3578,5
1384,3751,4
1406,593,4
1406,593,4
1406,3252,3
1406,1682,4
1406,2858,4
1406,2100,3
1406,1198,4
1406,1393,4
1406,1704,4
1406,1721,3
1406,318,5
1406,34,4
1406,3752,4
1406,1213,4
1406,2023,5
1431,3930,2
1431,3930,2
1431,1259,4
1431,589,4
1431,1407,2
1431,908,4
1431,3072,4
1431,2291,3
1431,3633,3
1431,2858,4
1431,480,2
1431,2124,3
1431,2160,3
1431,858,5
1431,3160,4
1431,45,3
1431,2791,4
1431,1210,4
1431,551,2
1452,2065,5
1452,2065,5
1452,3950,4
1452,748,4
1452,3886,4
1452,3893,4
1452,3897,5
1452,1394,5
1452,1949,5
1452,371,5
1452,527,3
1452,2012,3
1452,3911,5
1452,3912,2
1452,3925,5
1459,2997,4
1459,2997,4
1459,1265,5
1459,3060,5
1459,2289,5
1459,1641,5
1459,2858,5
1459,2883,4
1459,1500,2
1459,3130,2
1459,2369,2
1459,2395,5
1459,3528,1
1459,176,4
1459,34,4
1459,2779,5
1459,514,5
1459,2028,5
1488,593,5
1488,593,5
1488,1270,3
1488,780,3
1488,2872,2
1488,608,5
1488,3836,3
1488,1196,4
1488,2313,5
1488,858,4
1488,2571,5
1488,2019,5
1488,1218,4
1488,1219,5
1488,1233,5
1488,1094,5
1488,1245,5
1488,2985,4
1493,1,4
1493,1,4
1493,1265,4
1493,3247,3
1493,3253,3
1493,1101,5
1493,1500,4
1493,3114,5
1493,2321,4
1493,2324,5
1493,1784,5
1493,348,2
1493,356,3
1493,34,4
1493,39,4
1508,754,2
1508,754,2
1508,442,1
1508,457,3
1508,480,2
1508,3897,5
1508,2324,5
1508,1527,3
1508,858,5
1508,2501,3
1508,102,1
1508,112,3
1508,309,1
1508,1792,3
1508,17,2
1508,353,4
1508,529,5
1508,2006,3
1515,3930,4
1515,3930,4
1515,1259,4
1515,585,4
1515,919,5
1515,2291,4
1515,1673,4
1515,3450,2
1515,260,4
1515,2858,5
1515,661,2
1515,1198,5
1515,1958,3
1515,1968,4
1515,1035,3
1515,2791,4
1515,527,5
1515,2028,4
1515,3786,4
1518,1270,4
1518,1270,4
1518,3267,3
1518,2633,4
1518,3471,5
1518,260,5
1518,1196,5
1518,2363,5
1518,2529,4
1518,29,4
1518,380,4
1518,2010,4
1518,1210,5
1518,541,5
1518,1097,5
1520,1249,4
1520,1249,4
1520,1259,5
1520,2291,4
1520,1673,3
1520,266,4
1520,3624,3
1520,648,5
1520,1197,4
1520,858,5
1520,1704,5
1520,1580,4
1520,3510,4
1520,196,1
1520,3555,5
1520,70,1
1520,3753,4
1534,593,4
1534,593,4
1534,1293,5
1534,908,4
1534,3251,4
1534,3408,4
1534,1682,2
1534,3298,3
1534,608,4
1534,2882,2
1534,1302,5
1534,1304,4
1534,150,5
1534,3379,4
1534,344,1
1534,1962,1
1534,527,5
1534,1203,4
1534,2028,4
1549,1270,3
1549,1270,3
1549,908,4
1549,3423,4
1549,2804,5
1549,2858,4
1549,804,2
1549,1544,3
1549,1580,3
1549,110,2
1549,1965,5
1549,1976,1
1549,361,4
1549,70,4
1549,551,5
1582,3005,5
1582,3005,5
1582,1499,3
1582,998,3
1582,1689,4
1582,2826,1
1582,2683,4
1582,457,2
1582,2188,3
1582,1387,4
1582,1721,5
1582,110,5
1582,2555,3
1582,2710,4
1582,2770,2
1582,520,4
1582,2006,3
1582,1221,3
1604,778,4
1604,778,4
1604,2427,5
1604,3424,4
1604,2686,4
1604,480,3
1604,800,4
1604,3893,5
1604,1358,5
1604,2329,4
1604,2336,4
1604,1704,4
1604,32,4
1604,527,5
1604,535,5
1604,1210,4
1604,2028,4
1604,3916,2
1615,3948,3
1615,3948,3
1615,3950,3
1615,3951,3
1615,3952,3
1615,908,5
1615,3098,2
1615,1821,2
1615,3868,3
1615,3893,4
1615,3897,5
1615,2158,3
1615,2376,2
1615,3705,2
1615,2769,3
1615,3911,4
1615,3915,4
1615,3916,2
1664,1,5
1664,1,5
1664,1265,2
1664,3253,5
1664,2858,5
1664,3809,4
1664,2321,4
1664,2355,3
1664,2506,3
1664,1721,5
1664,2396,2
1664,2700,5
1664,1784,3
1664,2599,4
1664,1027,1
1664,1210,1
1674,588,4
1674,588,4
1674,1,4
1674,3072,4
1674,2282,3
1674,2858,5
1674,1188,4
1674,3101,5
1674,2321,4
1674,1734,4
1674,2396,5
1674,125,4
1674,3358,2
1674,324,3
1674,34,4
1674,357,3
1674,2961,3
1674,1097,5
1713,1614,3
1713,1614,3
1713,3409,4
1713,3287,5
1713,3624,3
1713,643,1
1713,684,1
1713,2174,4
1713,1534,2
1713,3300,5
1713,3173,3
1713,3354,4
1713,3513,3
1713,1968,5
1713,36,3
1713,2002,5
1713,3753,4
1713,2981,2
1719,2997,1
1719,2997,1
1719,3005,3
1719,912,3
1719,2413,4
1719,2433,2
1719,3285,4
1719,3298,3
1719,2694,3
1719,2858,4
1719,1127,5
1719,2881,1
1719,1500,1
1719,2188,1
1719,2355,5
1719,2541,2
1719,2706,4
1719,2770,3
1719,1093,3
1751,1249,4
1751,1249,4
1751,589,5
1751,3948,5
1751,912,4
1751,783,4
1751,3072,4
1751,1673,1
1751,3624,4
1751,2858,5
1751,466,5
1751,480,5
1751,3310,4
1751,1580,5
1751,110,5
1751,1035,5
1751,3916,5
1751,3927,5
1771,3793,5
1771,3793,5
1771,924,5
1771,1617,5
1771,1620,3
1771,260,5
1771,1127,5
1771,1196,4
1771,2140,3
1771,1376,5
1771,1580,4
1771,2529,4
1771,3702,3
1771,3576,3
1771,2948,4
1771,1210,5
1771,1214,5
1771,3764,2
1771,1240,5
1801,2091,4
1801,2091,4
1801,2291,4
1801,2294,4
1801,2459,3
1801,3418,4
1801,1673,3
1801,3450,4
1801,266,5
1801,480,4
1801,1327,3
1801,858,5
1801,1544,4
1801,1580,3
1801,110,4
1801,144,4
1801,366,2
1801,524,4
1801,1097,4
1813,1414,4
1813,1414,4
1813,921,4
1813,2291,2
1813,3271,3
1813,2617,1
1813,2621,3
1813,3481,4
1813,276,3
1813,3101,1
1813,1535,5
1813,2706,3
1813,2572,4
1813,3534,5
1813,17,5
1813,28,4
1813,58,4
1813,1094,4
1840,1252,3
1840,1252,3
1840,1267,4
1840,913,4
1840,2640,3
1840,3471,4
1840,260,5
1840,3638,2
1840,283,4
1840,2116,5
1840,3107,4
1840,1371,2
1840,2346,2
1840,110,5
1840,1748,4
1840,1025,4
1840,1206,5
1840,1214,5
1840,2028,4
1844,593,5
1844,593,5
1844,3072,4
1844,1617,4
1844,3285,4
1844,3298,3
1844,3897,5
1844,2188,2
1844,3317,5
1844,101,5
1844,1721,1
1844,3192,4
1844,2599,3
1844,3566,4
1844,3571,3
1844,3578,3
1844,3910,4
1848,1259,4
1848,1259,4
1848,908,4
1848,2262,3
1848,1617,4
1848,2291,4
1848,2454,3
1848,1673,4
1848,2657,5
1848,2858,5
1848,2859,3
1848,480,3
1848,1171,3
1848,1333,3
1848,661,5
1848,3160,5
1848,1965,3
1848,1035,4
1848,2791,4
1892,3002,5
1892,3002,5
1892,912,5
1892,3421,4
1892,1193,3
1892,3101,4
1892,1362,5
1892,858,4
1892,111,5
1892,506,3
1892,3730,4
1892,1206,5
1892,1077,4
1892,1221,4
1892,1244,5
1907,1267,4
1907,1267,4
1907,2092,2
1907,924,5
1907,3244,1
1907,3629,4
1907,1104,3
1907,1345,1
1907,858,5
1907,3159,4
1907,3175,4
1907,1927,5
1907,19,4
1907,2010,5
1907,1212,4
1907,1237,4
1907,1092,2
1918,1266,1
1918,1266,1
1918,3046,5
1918,2268,3
1918,2686,1
1918,2690,4
1918,2333,3
1918,1393,2
1918,1721,4
1918,110,1
1918,1586,1
1918,2396,5
1918,17,1
1927,3,3
1927,3,3
1927,1260,4
1927,1269,4
1927,1641,4
1927,2454,4
1927,1171,3
1927,2324,4
1927,1580,4
1927,2550,5
1927,1965,5
1927,1968,4
1927,2792,1
1927,70,3
1927,1212,5
1927,1228,5
1927,3911,5
1927,3928,5
1927,3929,5
1929,2997,4
1929,2997,4
1929,2083,5
1929,1485,2
1929,3408,5
1929,3285,1
1929,223,5
1929,3615,2
1929,2683,1
1929,608,4
1929,2336,5
1929,2355,5
1929,3159,5
1929,2541,3
1929,2555,2
1929,2706,4
1929,3534,4
1929,2759,4
1929,1210,3
1964,2,2
1964,2,2
1964,778,5
1964,2291,5
1964,1641,5
1964,2628,3
1964,249,5
1964,3481,4
1964,3489,2
1964,293,5
1964,653,3
1964,1542,4
1964,1702,2
1964,1748,4
1964,3397,4
1964,3555,3
1964,380,2
1964,1210,4
1964,541,4
1967,2997,4
1967,2997,4
1967,913,5
1967,949,3
1967,2492,4
1967,2686,4
1967,2690,4
1967,2858,4
1967,480,2
1967,488,4
1967,2333,5
1967,3176,2
1967,1733,4
1967,2390,4
1967,2396,4
1967,314,4
1967,2908,5
1967,2763,2
1967,527,2
1993,1257,4
1993,1257,4
1993,1,4
1993,1288,4
1993,223,5
1993,3481,3
1993,1125,3
1993,1136,4
1993,3689,1
1993,1196,5
1993,1197,5
1993,1198,4
1993,2395,5
1993,2396,4
1993,34,3
1993,1215,3
2045,577,4
2045,577,4
2045,595,5
2045,2082,4
2045,2846,4
2045,2881,3
2045,2899,3
2045,2123,4
2045,808,3
2045,1367,4
2045,1592,4
2045,146,5
2045,3507,3
2045,317,4
2045,13,5
2045,343,5
2045,1021,5
2045,61,5
2045,3916,5
2061,3932,4
2061,3932,4
2061,581,4
2061,589,3
2061,1284,5
2061,1617,5
2061,1673,4
2061,3422,3
2061,3626,4
2061,3481,4
2061,1171,5
2061,3125,4
2061,3160,5
2061,1957,4
2061,3920,5
2061,3925,5
2108,1,5
2108,1,5
2108,1265,5
2108,1617,5
2108,951,3
2108,3429,4
2108,293,5
2108,457,5
2108,466,5
2108,1148,5
2108,3114,5
2108,858,5
2108,1393,5
2108,2354,2
2108,2762,5
2108,32,4
2108,34,5
2108,50,4
2111,1251,4
2111,1251,4
2111,4,3
2111,920,5
2111,968,3
2111,3244,4
2111,2454,3
2111,1670,4
2111,2641,3
2111,450,3
2111,3683,4
2111,2897,3
2111,3359,5
2111,2762,4
2111,1964,4
2133,1616,5
2133,1616,5
2133,2633,3
2133,3624,1
2133,3484,3
2133,2683,2
2133,1517,2
2133,1544,2
2133,3173,4
2133,3325,3
2133,1580,4
2133,3510,4
2133,3515,2
2133,169,2
2133,3534,3
2133,524,4
2133,70,3
2141,1284,4
2141,1284,4
2141,908,5
2141,3088,4
2141,2454,5
2141,2455,5
2141,3450,5
2141,3481,4
2141,1171,2
2141,1327,5
2141,661,3
2141,3101,5
2141,3160,3
2141,110,5
2141,2399,2
2141,144,4
2141,2791,5
2141,524,5
2141,381,5
2152,3793,4
2152,3793,4
2152,1258,4
2152,2,3
2152,2628,2
2152,3452,3
2152,3623,3
2152,3624,4
2152,3499,5
2152,1198,4
2152,1387,4
2152,3316,3
2152,2716,4
2152,3555,4
2152,1994,4
2152,1997,4
2152,3755,3
2152,1214,3
2160,585,1
2160,585,1
2160,2618,5
2160,3421,5
2160,2804,5
2160,3481,2
2160,3897,5
2160,3114,5
2160,2700,2
2160,3363,5
2160,2718,3
2160,3536,2
2160,34,5
2160,2918,5
2160,2795,5
2160,1235,4
2207,589,4
2207,589,4
2207,3948,5
2207,2291,3
2207,3249,4
2207,2628,4
2207,3450,4
2207,2858,5
2207,3897,4
2207,1580,4
2207,3555,4
2207,1961,5
2207,1025,3
2207,70,5
2207,3753,3
2207,551,4
2207,3916,5
2209,3481,3
2209,3481,3
2209,3835,2
2209,1198,3
2209,3882,4
2209,3893,3
2209,105,4
2209,1734,4
2209,3363,3
2209,3512,3
2209,3535,2
2209,3548,5
2209,2007,2
2209,2011,2
2209,1210,3
2209,3911,4
2209,3914,3
2209,1230,3
2209,2973,4
2234,1284,4
2234,1284,4
2234,1459,3
2234,1608,3
2234,1617,4
2234,2474,3
2234,260,3
2234,454,4
2234,492,3
2234,800,4
2234,3384,4
2234,1948,5
2234,1961,4
2234,1212,5
2234,1238,4
2252,733,5
2252,733,5
2252,2072,3
2252,1270,5
2252,2085,2
2252,934,3
2252,2294,3
2252,3421,4
2252,2889,3
2252,2134,1
2252,2505,3
2252,3316,4
2252,1744,2
2252,2572,3
2252,1784,5
2252,3555,5
2252,356,5
2252,2001,3
2252,3928,4
2268,1270,4
2268,1270,4
2268,1441,5
2268,3072,4
2268,2282,4
2268,1689,4
2268,236,4
2268,1148,4
2268,2324,5
2268,3175,5
2268,1732,4
2268,2539,4
2268,1747,4
2268,1784,5
2268,1028,5
2268,39,4
2268,1220,4
2311,1259,5
2311,1259,5
2311,2231,5
2311,1297,5
2311,2291,3
2311,3450,5
2311,260,4
2311,2858,5
2311,608,2
2311,2160,2
2311,2313,3
2311,3148,5
2311,1544,4
2311,3160,4
2311,898,4
2311,3325,2
2311,3510,5
2311,1035,5
2311,538,5
2336,1408,4
2336,1408,4
2336,1266,5
2336,2401,5
2336,266,5
2336,276,3
2336,3836,4
2336,1196,3
2336,1198,4
2336,110,4
2336,3508,4
2336,3702,4
2336,3703,4
2336,2921,5
2336,2922,3
2336,1201,4
2336,553,5
2336,1240,4
2339,587,5
2339,587,5
2339,3948,5
2339,933,5
2339,2424,5
2339,3088,4
2339,1101,5
2339,1183,5
2339,1198,5
2339,1387,5
2339,1393,5
2339,1721,5
2339,1952,5
2339,3595,5
2339,527,5
2339,1221,5
2339,3921,5
2339,3922,5
2347,912,5
2347,912,5
2347,1610,5
2347,3095,2
2347,969,3
2347,260,5
2347,480,4
2347,1304,5
2347,2133,2
2347,1387,5
2347,3527,3
2347,11,3
2347,3555,4
2347,1954,3
2347,1961,3
2347,1210,5
2347,1220,4
2347,1221,3
2347,1097,5
2356,2067,5
2356,2067,5
2356,3011,4
2356,1270,4
2356,924,3
2356,3224,4
2356,3499,3
2356,2132,4
2356,3873,2
2356,1333,3
2356,1193,4
2356,3168,4
2356,2529,2
2356,2729,4
2356,1204,4
2356,2944,3
2356,1207,5
2356,1084,4
2381,902,2
2381,902,2
2381,910,3
2381,3420,2
2381,2858,5
2381,2333,4
2381,2355,3
2381,2369,2
2381,131,3
2381,2707,3
2381,2712,5
2381,1919,2
2381,3543,3
2381,2770,2
2381,1093,4
2388,3654,3
2388,3654,3
2388,480,4
2388,3104,4
2388,1387,4
2388,858,5
2388,1953,4
2388,1036,4
2388,527,5
2388,1204,3
2388,2947,4
2388,2948,4
2388,2949,4
2388,1220,5
2388,1222,4
2388,1240,4
2388,1242,4
2413,592,3
2413,592,3
2413,1277,2
2413,3020,4
2413,928,4
2413,1694,3
2413,3605,3
2413,3629,3
2413,2130,5
2413,2763,3
2413,3716,1
2413,1034,2
2413,527,5
2413,1066,3
2413,3763,4
2413,2028,5
2413,1227,4
2413,3929,3
2422,1252,3
2422,1252,3
2422,3948,4
2422,1270,5
2422,2080,5
2422,2289,4
2422,3254,4
2422,1307,5
2422,2324,3
2422,2709,3
2422,3526,4
2422,1784,5
2422,1962,5
2422,1963,4
2422,2918,5
2422,2795,5
2422,2797,4
2422,1079,4
2422,1230,4
2431,3005,1
2431,3005,1
2431,918,5
2431,2803,2
2431,2858,2
2431,1198,5
2431,2194,5
2431,1393,2
2431,1711,2
2431,1721,5
2431,2712,1
2431,1968,4
2431,3578,5
2431,62,1
2431,2959,5
2431,1221,3
2431,1242,5
2488,3936,5
2488,3936,5
2488,1459,3
2488,3217,5
2488,1617,3
2488,959,5
2488,2443,4
2488,3893,4
2488,3105,5
2488,111,4
2488,2724,4
2488,3534,2
2488,1956,4
2488,1961,5
2488,1962,5
2488,2028,4
2488,3916,4
2488,1231,4
2516,3011,4
2516,3011,4
2516,912,4
2516,3255,5
2516,3418,4
2516,2628,3
2516,224,4
2516,2858,4
2516,440,3
2516,3809,4
2516,852,4
2516,2355,4
2516,2359,3
2516,2539,3
2516,1923,2
2516,34,4
2516,357,5
2516,1049,3
2527,902,2
2527,902,2
2527,969,3
2527,1674,5
2527,260,5
2527,1304,5
2527,1196,3
2527,2571,5
2527,1953,5
2527,3710,1
2527,2785,3
2527,2000,5
2527,1214,5
2527,1221,5
2527,1240,2
2530,2997,3
2530,2997,3
2530,2072,3
2530,2683,4
2530,2699,3
2530,296,5
2530,2858,5
2530,3809,2
2530,2153,2
2530,2188,4
2530,1722,2
2530,2710,5
2530,2572,3
2530,1213,5
2530,2959,5
2530,1089,5
2582,1294,1
2582,1294,1
2582,910,2
2582,3067,5
2582,2289,4
2582,2463,1
2582,246,5
2582,2804,5
2582,2858,4
2582,3671,4
2582,1136,5
2582,2128,4
2582,1396,3
2582,1563,3
2582,34,5
2582,1223,5
2582,2028,5
2582,3911,5
2582,705,4
2584,1635,4
2584,1635,4
2584,3252,4
2584,3457,4
2584,1193,3
2584,2324,3
2584,3128,4
2584,3185,4
2584,318,3
2584,41,4
2584,1041,5
2584,3594,4
2584,1094,4
2613,1265,4
2613,1265,4
2613,745,4
2613,1281,4
2613,905,5
2613,910,5
2613,235,4
2613,3629,5
2613,2836,4
2613,433,3
2613,2863,4
2613,1193,4
2613,3101,4
2613,3114,5
2613,2396,5
2613,2599,3
2613,1230,5
2613,1235,3
2613,708,4
2626,2987,3
2626,2987,3
2626,3793,3
2626,908,5
2626,3408,4
2626,260,5
2626,2858,2
2626,2861,4
2626,3824,4
2626,3844,5
2626,3148,5
2626,2396,5
2626,3505,4
2626,3361,5
2626,3516,5
2626,2716,3
2626,2762,4
2640,2490,4
2640,2490,4
2640,3624,5
2640,2828,1
2640,2688,2
2640,2699,4
2640,1197,5
2640,3157,5
2640,3175,5
2640,2394,4
2640,2723,5
2640,2724,4
2640,2761,4
2640,2763,4
2640,2764,5
2640,1210,3
2640,2041,5
2644,589,4
2644,589,4
2644,908,3
2644,2291,4
2644,3481,4
2644,2858,5
2644,608,4
2644,480,4
2644,3897,5
2644,3160,3
2644,2529,5
2644,1222,4
2644,551,5
2646,587,4
2646,587,4
2646,589,4
2646,1265,3
2646,590,4
2646,780,3
2646,3098,4
2646,3256,5
2646,2628,4
2646,480,5
2646,858,4
2646,1393,3
2646,3147,5
2646,1784,4
2646,318,5
2646,1961,5
2646,1210,4
2646,1073,3
2646,2028,5
2657,593,4
2657,593,4
2657,1499,1
2657,1894,2
2657,628,4
2657,3114,4
2657,1704,5
2657,110,5
2657,2571,5
2657,318,4
2657,2762,5
2657,1961,5
2657,32,5
2657,2918,5
2657,1043,4
2657,1997,3
2657,527,5
2657,1203,4
2657,2028,4
2671,1259,4
2671,1259,4
2671,589,3
2671,2628,2
2671,1682,3
2671,3450,3
2671,608,4
2671,480,5
2671,661,4
2671,2143,3
2671,2316,3
2671,1580,3
2671,2529,3
2671,1035,2
2671,2791,3
2671,524,3
2671,2028,5
2671,551,1
2671,3926,3
2686,2997,3
2686,2997,3
2686,3016,2
2686,3214,3
2686,2433,3
2686,2699,3
2686,1127,3
2686,1334,4
2686,1350,4
2686,2355,4
2686,2369,2
2686,111,2
2686,3365,2
2686,318,1
2686,555,3
2686,1231,5
2687,6,5
2687,6,5
2687,743,3
2687,2278,3
2687,3265,5
2687,608,5
2687,493,4
2687,1320,3
2687,1198,4
2687,866,5
2687,1729,3
2687,1910,3
2687,2580,4
2687,50,5
2687,1054,4
2687,3742,5
2687,2952,4
2687,1213,5
2687,2959,5
2696,1270,2
2696,1270,2
2696,1625,4
2696,1644,2
2696,1645,4
2696,1805,4
2696,1892,4
2696,800,5
2696,2338,2
2696,1711,4
2696,3176,4
2696,1589,3
2696,2713,1
2696,3386,1
2696,350,3
2696,1092,4
2696,1097,3
2705,593,5
2705,593,5
2705,920,5
2705,2433,3
2705,608,5
2705,3868,4
2705,1356,5
2705,1375,5
2705,1721,5
2705,524,5
2705,1210,4
2705,2028,3
2705,1094,2
2705,1242,5
2707,788,2
2707,788,2
2707,2622,4
2707,1693,4
2707,2671,4
2707,468,3
2707,3831,4
2707,2100,4
2707,3893,4
2707,2340,4
2707,2355,3
2707,2390,5
2707,357,4
2707,527,5
2707,2013,3
2707,3753,2
2707,1221,2
2707,1228,3
2707,1230,4
2714,1259,4
2714,1259,4
2714,2657,2
2714,260,5
2714,608,3
2714,2160,4
2714,852,3
2714,1580,4
2714,2529,4
2714,1035,3
2714,2791,3
2714,2941,2
2714,70,3
2714,2033,5
2714,1090,4
2716,1252,3
2716,1252,3
2716,590,5
2716,911,5
2716,919,5
2716,924,4
2716,2467,5
2716,3498,5
2716,480,3
2716,1196,4
2716,1198,4
2716,2160,1
2716,3176,1
2716,1950,4
2716,1952,3
2716,350,4
2722,1253,3
2722,1253,3
2722,593,4
2722,788,3
2722,2622,4
2722,2628,4
2722,3489,3
2722,477,2
2722,1307,4
2722,1196,5
2722,1028,3
2722,367,2
2722,3753,5
2722,1214,4
2722,1215,4
2722,541,5
2729,592,4
2729,592,4
2729,1291,4
2729,1610,5
2729,969,4
2729,1196,4
2729,1387,4
2729,110,5
2729,2707,4
2729,1953,4
2729,2944,5
2729,1210,4
2729,2028,5
2729,1242,5
2755,2088,5
2755,2088,5
2755,1449,5
2755,2607,5
2755,235,5
2755,260,5
2755,2858,3
2755,3823,5
2755,2314,1
2755,2324,5
2755,1734,4
2755,2721,5
2755,3552,5
2755,2772,3
2755,524,4
2755,1213,5
2755,700,5
2755,703,3
2755,1097,5
2759,589,4
2759,589,4
2759,593,3
2759,2406,4
2759,2628,2
2759,2815,2
2759,260,5
2759,802,3
2759,3113,1
2759,1542,4
2759,2359,3
2759,2528,3
2759,110,5
2759,3189,4
2759,1968,5
2759,527,4
2759,83,4
2759,1247,4
2816,589,5
2816,589,5
2816,2406,5
2816,2628,4
2816,260,3
2816,457,5
2816,480,4
2816,3101,3
2816,1954,4
2816,1049,4
2816,2947,4
2816,3753,4
2816,1221,4
2816,2028,3
2819,2410,3
2819,2410,3
2819,3072,3
2819,260,5
2819,3481,4
2819,3148,5
2819,3301,4
2819,3316,2
2819,3324,2
2819,3326,4
2819,3190,4
2819,3354,5
2819,3355,3
2819,3513,5
2819,3545,3
2819,3579,5
2819,1090,5
2819,562,4
2834,1270,2
2834,1270,2
2834,926,5
2834,948,4
2834,951,5
2834,971,5
2834,3404,3
2834,3801,4
2834,3872,5
2834,1701,4
2834,2362,4
2834,898,5
2834,2731,4
2834,3548,4
2834,1944,4
2834,1945,4
2834,1968,3
2834,2937,4
2834,2939,5
2836,2997,2
2836,2997,2
2836,3948,5
2836,1266,4
2836,2243,4
2836,2268,3
2836,2433,3
2836,2605,3
2836,3623,3
2836,2690,4
2836,3827,3
2836,480,4
2836,2355,4
2836,3176,3
2836,2716,2
2836,2724,3
2836,356,3
2836,2028,4
2836,2976,3
2884,2067,5
2884,2067,5
2884,902,4
2884,1834,5
2884,260,3
2884,261,5
2884,2690,5
2884,1356,3
2884,3114,5
2884,2324,5
2884,2355,2
2884,3159,5
2884,2501,5
2884,3163,1
2884,1735,4
2884,2396,5
2884,3733,4
2884,62,5
2884,1246,4
2893,1249,5
2893,1249,5
2893,3793,4
2893,1270,3
2893,1291,3
2893,924,5
2893,260,5
2893,3827,3
2893,2110,2
2893,1193,5
2893,2730,2
2893,36,4
2893,2918,5
2893,42,2
2893,1203,5
2893,1222,5
2902,2997,1
2902,2997,1
2902,588,3
2902,1,5
2902,1485,4
2902,296,4
2902,608,5
2902,3114,5
2902,2321,3
2902,858,5
2902,2355,5
2902,2536,3
2902,2396,5
2902,1923,3
2902,19,5
2902,344,5
2902,1210,3
2902,1221,4
2908,1258,1
2908,1258,1
2908,1407,4
2908,1261,5
2908,2455,4
2908,3652,3
2908,2867,3
2908,1321,5
2908,1347,5
2908,3101,4
2908,2710,5
2908,1911,2
2908,188,1
2908,1973,5
2908,366,5
2908,3727,2
2908,1994,5
2908,553,4
2908,3917,5
2920,1259,5
2920,1259,5
2920,589,2
2920,1270,2
2920,902,5
2920,908,5
2920,2456,2
2920,3263,1
2920,3450,3
2920,2657,3
2920,608,5
2920,2102,4
2920,1196,3
2920,1544,1
2920,110,5
2920,2529,5
2920,1965,5
2920,1035,2
2923,1259,4
2923,1259,4
2923,1265,4
2923,1278,5
2923,1294,4
2923,260,5
2923,3671,5
2923,1136,5
2923,485,4
2923,1196,5
2923,1197,3
2923,1707,3
2923,2918,4
2923,2788,3
2923,2792,4
2923,1214,4
2923,1219,3
2923,541,3
2930,1252,3
2930,1252,3
2930,290,5
2930,2858,5
2930,608,5
2930,2132,5
2930,1345,2
2930,1350,1
2930,2160,2
2930,1542,4
2930,3362,5
2930,2716,1
2930,2739,3
2930,1982,3
2930,1997,1
2930,527,4
2930,83,3
2930,1221,4
2930,1097,4
2977,2997,5
2977,2997,5
2977,919,3
2977,932,5
2977,1639,4
2977,3247,2
2977,3421,2
2977,2683,2
2977,2694,3
2977,2858,2
2977,2145,4
2977,2369,3
2977,2714,4
2977,2724,2
2977,318,5
2977,2763,5
2977,2975,4
2982,2987,4
2982,2987,4
2982,1248,5
2982,1267,4
2982,3046,3
2982,910,5
2982,1627,2
2982,3683,5
2982,1179,5
2982,1344,5
2982,849,1
2982,2186,4
2982,1748,2
2982,164,5
2982,1783,2
2982,177,1
2982,3706,5
2982,541,4
2982,707,3
2984,589,2
2984,589,2
2984,3,4
2984,2201,3
2984,1265,3
2984,1269,5
2984,2454,2
2984,1673,3
2984,3450,4
2984,2657,3
2984,3801,4
2984,480,3
2984,3869,4
2984,3871,3
2984,1197,4
2984,3301,4
2984,1580,4
2984,110,5
3021,2987,4
3021,2987,4
3021,1253,4
3021,913,3
3021,919,3
3021,1617,5
3021,971,4
3021,1127,2
3021,608,3
3021,1186,4
3021,1197,4
3021,3100,2
3021,3101,3
3021,164,5
3021,32,2
3021,529,3
3040,3793,5
3040,3793,5
3040,589,5
3040,1270,3
3040,3040,4
3040,2628,4
3040,259,2
3040,3882,2
3040,671,4
3040,1527,3
3040,3175,2
3040,1573,3
3040,1580,3
3040,1584,4
3040,1748,3
3040,2571,5
3040,1921,4
3040,316,3
3068,3799,2
3068,3799,2
3068,593,5
3068,903,4
3068,908,3
3068,912,4
3068,1617,3
3068,2664,4
3068,3471,5
3068,260,5
3068,283,3
3068,608,5
3068,1196,4
3068,1358,3
3068,2501,4
3068,2378,1
3068,1035,4
3068,2941,3
3133,3793,3
3133,3793,3
3133,1405,3
3133,1641,4
3133,3273,3
3133,3623,4
3133,3646,3
3133,3821,3
3133,3316,3
3133,3177,4
3133,110,3
3133,3186,4
3133,3578,3
3133,3752,2
3133,3753,4
3176,3798,4
3176,3798,4
3176,593,4
3176,3273,2
3176,3285,3
3176,3615,3
3176,3481,3
3176,3824,1
3176,3317,3
3176,1721,4
3176,3185,4
3176,356,5
3176,3578,5
3176,527,5
3176,3751,4
3176,3753,5
3188,1265,5
3188,1265,5
3188,2069,5
3188,924,4
3188,3099,4
3188,3408,4
3188,3410,5
3188,3420,4
3188,1694,5
3188,2858,5
3188,608,4
3188,3844,3
3188,1197,5
3188,3160,5
3188,342,5
3188,356,4
3188,1210,3
3188,1238,5
3222,1249,4
3222,1249,4
3222,1252,3
3222,1411,1
3222,2628,5
3222,260,5
3222,296,2
3222,1150,3
3222,1387,2
3222,110,5
3222,3519,4
3222,345,1
3222,2762,3
3222,1201,5
3222,1208,5
3222,2028,5
3225,1256,3
3225,1256,3
3225,2064,4
3225,1267,4
3225,1288,4
3225,3030,4
3225,3039,3
3225,2289,3
3225,2858,4
3225,1136,4
3225,110,3
3225,2396,3
3225,34,4
3225,527,4
3225,2000,3
3225,549,5
3225,1221,4
3225,1230,4
3225,1244,5
3234,1251,5
3234,1251,5
3234,908,5
3234,912,4
3234,923,5
3234,3072,3
3234,3089,5
3234,1809,5
3234,233,1
3234,262,4
3234,3134,4
3234,872,3
3234,123,5
3234,154,4
3234,2931,3
3234,1210,3
3234,2021,4
3234,2972,4
3236,1,3
3236,1,3
3236,1270,2
3236,3039,3
3236,1294,1
3236,2463,3
3236,3450,3
3236,2829,2
3236,1885,2
3236,2890,1
3236,480,3
3236,1394,3
3236,2716,2
3236,319,4
3236,3535,5
3236,1968,3
3236,1210,4
3236,1073,4
3254,1259,4
3254,1259,4
3254,1,5
3254,1270,3
3254,3072,3
3254,947,4
3254,235,2
3254,1136,2
3254,1304,4
3254,492,1
3254,2302,4
3254,314,5
3254,3396,4
3254,1965,2
3254,34,4
3254,539,4
3254,1220,3
3254,1223,4
3254,3785,4
3273,904,3
3273,904,3
3273,908,4
3273,912,5
3273,923,5
3273,924,5
3273,1617,5
3273,296,5
3273,3811,4
3273,1132,2
3273,3683,4
3273,318,3
3273,2730,5
3273,3555,3
3273,348,3
3273,356,4
3273,3751,4
3273,1210,5
3273,2020,5
3275,3018,4
3275,3018,4
3275,1292,3
3275,2406,2
3275,2657,4
3275,2858,1
3275,1129,4
3275,3819,5
3275,2874,3
3275,1148,5
3275,2300,5
3275,157,3
3275,2716,4
3275,3719,3
3275,509,3
3275,1997,2
3275,2023,4
3287,593,4
3287,593,4
3287,3037,5
3287,904,5
3287,969,5
3287,3289,5
3287,2858,4
3287,3678,4
3287,1302,4
3287,1193,5
3287,155,4
3287,3548,5
3287,1946,5
3287,1947,4
3287,1952,4
3287,356,5
3287,58,5
3287,1225,5
3287,1237,5
3288,1252,3
3288,1252,3
3288,1299,3
3288,923,4
3288,2804,4
3288,260,4
3288,3498,3
3288,288,3
3288,1136,4
3288,1196,4
3288,1198,3
3288,858,5
3288,3160,2
3288,153,2
3288,318,3
3288,1210,5
3288,1225,4
3288,3788,3
3291,2987,2
3291,2987,2
3291,1277,3
3291,2455,1
3291,1694,5
3291,846,4
3291,1730,3
3291,306,5
3291,3525,3
3291,34,4
3291,1041,4
3291,2794,3
3291,527,4
3291,62,4
3291,2947,3
3291,1213,5
3324,1254,5
3324,1254,5
3324,745,5
3324,750,5
3324,3032,5
3324,3033,5
3324,3070,3
3324,1676,5
3324,1148,5
3324,2571,5
3324,32,5
3324,1210,5
3324,1214,5
3324,541,5
3324,1077,5
3324,1240,5
3330,3005,4
3330,3005,4
3330,3623,4
3330,2686,5
3330,1357,5
3330,2336,5
3330,1394,2
3330,3176,4
3330,3179,4
3330,2396,5
3330,2712,3
3330,1959,5
3330,2762,5
3330,3578,4
3330,527,5
3330,1206,2
3330,1210,3
3330,2959,3
3376,2997,3
3376,2997,3
3376,3094,3
3376,3298,3
3376,260,5
3376,2826,2
3376,2683,4
3376,2694,1
3376,290,4
3376,2858,5
3376,3811,4
3376,1517,4
3376,2188,3
3376,2707,2
3376,2710,1
3376,2908,3
3376,1961,3
3376,527,5
3376,1210,4
3388,1259,4
3388,1259,4
3388,2078,4
3388,2431,4
3388,2804,5
3388,3466,3
3388,475,3
3388,497,4
3388,2137,5
3388,1197,5
3388,2355,4
3388,3178,5
3388,2716,3
3388,1961,4
3388,34,4
3388,2918,4
3388,2791,3
3388,2000,3
3388,533,1
3404,590,5
3404,590,5
3404,2291,4
3404,3243,3
3404,2617,4
3404,258,4
3404,3623,4
3404,434,4
3404,648,4
3404,653,5
3404,1193,3
3404,1356,3
3404,1377,3
3404,1580,4
3404,3717,5
3404,2916,4
3404,380,5
3404,86,3
3407,1,2
3407,1,2
3407,1265,3
3407,1286,3
3407,1617,3
3407,3450,4
3407,260,5
3407,1358,5
3407,1721,5
3407,2396,5
3407,2706,4
3407,153,2
3407,2571,5
3407,2762,5
3407,356,5
3407,2028,3
3455,3044,4
3455,3044,4
3455,910,4
3455,924,2
3455,1617,5
3455,2282,4
3455,1484,4
3455,2858,5
3455,1136,5
3455,1171,5
3455,1394,5
3455,1589,4
3455,1732,5
3455,2788,5
3455,377,4
3455,2007,2
3496,2997,2
3496,2997,2
3496,6,4
3496,1405,3
3496,745,4
3496,1641,5
3496,2628,3
3496,3450,5
3496,441,2
3496,2502,4
3496,2395,4
3496,2700,4
3496,11,4
3496,21,3
3496,1968,5
3496,356,5
3496,34,2
3496,514,3
3530,737,2
3530,737,2
3530,780,5
3530,3082,4
3530,3617,3
3530,3623,4
3530,3825,4
3530,3826,3
3530,1374,3
3530,2540,3
3530,1994,3
3530,2000,4
3530,2001,4
3530,1208,4
3530,3752,3
3530,3785,4
3542,3798,4
3542,3798,4
3542,2234,1
3542,1468,2
3542,3408,3
3542,3298,3
3542,3452,5
3542,3453,4
3542,3617,2
3542,3623,2
3542,3484,4
3542,1198,5
3542,3316,4
3542,3355,3
3542,3703,3
3542,3578,4
3542,3743,3
3552,3793,3
3552,3793,3
3552,3078,2
3552,3408,4
3552,3618,4
3552,3623,3
3552,3827,4
3552,1183,3
3552,3147,3
3552,3148,4
3552,3174,3
3552,3176,2
3552,3747,4
3552,3752,1
3552,2951,4
3552,1212,5
3552,3755,2
3552,1230,5
3570,1248,5
3570,1248,5
3570,2290,2
3570,3425,3
3570,3435,3
3570,3470,5
3570,3632,5
3570,3819,4
3570,1304,3
3570,1305,1
3570,2303,5
3570,3163,5
3570,3520,1
3570,1961,2
3570,1077,3
3570,2967,2
3570,1230,3
3570,1235,4
3570,1244,5
3616,2427,3
3616,2427,3
3616,1374,4
3616,1387,3
3616,2194,4
3616,1721,3
3616,2529,4
3616,3702,4
3616,1201,3
3616,1214,5
3616,1220,4
3616,3763,4
3616,1233,3
3616,1240,5
3616,2985,5
3623,2987,3
3623,2987,3
3623,1248,4
3623,1267,3
3623,913,5
3623,922,5
3623,930,3
3623,942,4
3623,3435,4
3623,3490,2
3623,1344,4
3623,1347,3
3623,2735,3
3623,2748,4
3623,541,4
3633,586,4
3633,586,4
3633,260,4
3633,419,3
3633,296,5
3633,3809,5
3633,3834,4
3633,3836,5
3633,3846,5
3633,3868,3
3633,3871,4
3633,858,5
3633,3159,3
3633,1556,4
3633,1721,3
3633,2944,5
3633,2021,2
3634,3793,3
3634,3793,3
3634,3798,2
3634,3078,3
3634,3082,4
3634,3409,3
3634,3298,2
3634,2147,3
3634,110,4
3634,3355,2
3634,3510,3
3634,3536,4
3634,3555,4
3634,3744,5
3634,3755,2
3634,2028,5
3634,3785,2
3636,593,4
3636,593,4
3636,2076,5
3636,2409,3
3636,1617,5
3636,260,5
3636,3499,4
3636,611,4
3636,1387,4
3636,111,5
3636,2550,3
3636,2716,2
3636,173,1
3636,1799,4
3636,50,5
3636,63,3
3636,1214,3
3636,1219,4
3642,581,4
3642,581,4
3642,3007,1
3642,2078,4
3642,1288,2
3642,2294,3
3642,1649,2
3642,2494,3
3642,246,4
3642,3606,2
3642,2863,1
3642,1147,3
3642,2300,3
3642,3142,1
3642,1546,2
3642,899,5
3642,2373,1
3642,107,1
3642,2986,1
3739,1252,4
3739,1252,4
3739,924,5
3739,2410,3
3739,3078,3
3739,3081,4
3739,3238,3
3739,963,3
3739,2662,3
3739,2688,3
3739,2333,4
3739,3155,3
3739,3316,4
3739,3176,4
3739,3185,4
3739,1918,2
3739,1019,3
3739,1203,4
3739,1086,4
3783,1259,4
3783,1259,4
3783,3037,4
3783,2096,2
3783,3429,3
3783,2858,5
3783,1304,4
3783,2300,3
3783,3114,3
3783,1517,3
3783,2324,5
3783,3504,4
3783,333,4
3783,1234,5
3783,2038,2
3787,2413,4
3787,2413,4
3787,2290,2
3787,3812,3
3787,1196,5
3787,1197,5
3787,2355,3
3787,3163,4
3787,2369,4
3787,314,5
3787,329,3
3787,1210,4
3787,3763,5
3787,1230,4
3787,1235,5
3787,3786,5
3788,1270,4
3788,1270,4
3788,1290,4
3788,1296,5
3788,2248,4
3788,2406,3
3788,3699,3
3788,2100,4
3788,1193,3
3788,1197,5
3788,2145,4
3788,3161,2
3788,349,2
3788,2791,3
3788,3751,4
3788,1210,5
3788,3753,3
3788,2020,5
3798,2997,4
3798,2997,4
3798,2289,2
3798,3275,5
3798,297,2
3798,3826,5
3798,3844,3
3798,1196,4
3798,1912,5
3798,2571,4
3798,318,5
3798,2764,3
3798,2912,3
3798,50,5
3798,1210,3
3798,1213,4
3798,1214,4
3798,3773,3
3798,1245,4
3802,2990,2
3802,2990,2
3802,3793,3
3802,2072,4
3802,3615,3
3802,3617,4
3802,3623,4
3802,3624,4
3802,3826,1
3802,2572,2
3802,2580,3
3802,1968,4
3802,356,4
3802,380,3
3802,3744,3
3802,3751,3
3802,3752,4
3802,3753,2
3802,3755,2
3803,2088,2
3803,2088,2
3803,2247,4
3803,1456,4
3803,780,5
3803,2471,3
3803,1863,3
3803,3649,3
3803,3653,4
3803,2302,4
3803,1387,4
3803,3543,4
3803,1028,5
3803,356,4
3803,2000,3
3803,1230,4
3803,1097,4
3863,589,5
3863,589,5
3863,780,4
3863,1608,3
3863,3082,4
3863,2628,4
3863,457,3
3863,1527,2
3863,3147,4
3863,3176,3
3863,1721,4
3863,1580,4
3863,1754,3
3863,2571,5
3863,349,4
3863,377,3
3863,380,4
3863,2028,5
3883,2997,5
3883,2997,5
3883,1,3
3883,1265,5
3883,3078,3
3883,2858,5
3883,3660,2
3883,3129,3
3883,3146,1
3883,3147,3
3883,3301,2
3883,2369,4
3883,3174,3
3883,3176,3
3883,3186,3
3883,1784,4
3883,2947,3
3897,1254,5
3897,1254,5
3897,923,5
3897,1633,2
3897,1303,5
3897,2115,4
3897,3153,4
3897,2359,5
3897,2366,4
3897,2367,5
3897,3197,3
3897,3359,5
3897,3702,5
3897,36,2
3897,2013,2
3897,1225,5
3939,760,3
3939,760,3
3939,3095,4
3939,3241,5
3939,2820,3
3939,3494,5
3939,3811,4
3939,1304,5
3939,3102,3
3939,858,5
3939,111,4
3939,1900,3
3939,3545,3
3939,527,4
3939,1204,4
3939,1218,3
3969,2997,4
3969,2997,4
3969,3007,4
3969,3052,3
3969,2401,4
3969,3082,3
3969,2889,3
3969,480,4
3969,3129,4
3969,2190,2
3969,3147,5
3969,3174,2
3969,3176,4
3969,3324,5
3969,2528,3
3969,2393,2
3969,60,3
4010,2987,4
4010,2987,4
4010,593,3
4010,3219,3
4010,1617,4
4010,968,4
4010,3249,3
4010,2355,4
4010,2369,3
4010,2710,3
4010,2722,3
4010,2723,3
4010,2729,4
4010,22,3
4010,1968,4
4010,2791,4
4010,2006,3
4010,2025,5
4038,2067,4
4038,2067,4
4038,934,4
4038,3072,4
4038,3078,5
4038,3233,5
4038,2858,4
4038,1304,4
4038,1307,3
4038,1199,3
4038,3105,4
4038,3179,3
4038,2706,4
4038,2739,4
4038,527,5
4038,1219,3
4038,1097,4
4038,1246,5
4038,1247,4
4056,720,1
4056,720,1
4056,3000,5
4056,2087,1
4056,3034,1
4056,2094,4
4056,2096,1
4056,3246,1
4056,2683,3
4056,1193,4
4056,1370,3
4056,2761,1
4056,1022,1
4056,1033,1
4056,3745,5
4056,1064,1
4056,3751,5
4056,2028,5
4068,3032,3
4068,3032,3
4068,913,4
4068,2433,4
4068,2622,3
4068,3600,4
4068,480,4
4068,2396,5
4068,2555,3
4068,3516,4
4068,2762,5
4074,719,4
4074,719,4
4074,1258,5
4074,778,5
4074,1456,1
4074,3203,4
4074,3260,1
4074,1680,4
4074,2485,4
4074,231,4
4074,267,2
4074,1193,4
4074,1393,5
4074,3510,5
4074,333,4
4074,17,2
4074,2918,5
4074,1233,5
4074,1090,5
4109,924,4
4109,924,4
4109,3082,2
4109,3471,4
4109,1306,2
4109,1196,3
4109,1198,3
4109,882,4
4109,3503,2
4109,1924,1
4109,29,1
4109,3702,4
4109,3703,5
4109,3576,4
4109,1206,4
4109,1214,5
4109,541,5
4109,1240,5
4110,908,5
4110,908,5
4110,919,5
4110,922,5
4110,3095,5
4110,968,1
4110,3467,5
4110,412,4
4110,3641,5
4110,2101,5
4110,858,5
4110,3198,2
4110,3739,5
4110,1207,5
4110,2023,2
4142,920,5
4142,920,5
4142,924,5
4142,1459,1
4142,1608,3
4142,969,3
4142,3251,4
4142,2475,2
4142,2141,2
4142,2311,2
4142,2520,2
4142,3359,2
4142,1019,2
4142,1203,2
4142,2015,2
4142,1214,5
4163,2987,5
4163,2987,5
4163,785,2
4163,2628,2
4163,2669,3
4163,2670,3
4163,2688,3
4163,2699,4
4163,1127,3
4163,3698,1
4163,1198,5
4163,2147,3
4163,2186,4
4163,2355,4
4163,2396,5
4163,2716,5
4163,1959,3
4163,3578,4
4163,2041,2
4176,908,5
4176,908,5
4176,919,5
4176,924,5
4176,3471,5
4176,260,5
4176,2183,4
4176,1200,5
4176,1240,4
4176,1244,5
4176,1253,5
4176,1270,5
4176,2628,3
4176,2664,4
4176,3703,5
4176,541,5
4176,1077,5
4178,7,4
4178,7,4
4178,915,5
4178,920,5
4178,923,4
4178,2424,3
4178,3418,3
4178,2858,4
4178,11,4
4178,351,4
4178,356,5
4178,62,5
4178,1265,4
4178,3260,4
4178,1721,3
4178,2389,1
4178,3386,4
4178,3755,2
4178,3788,3
4184,2163,3
4184,2163,3
4184,39,3
4184,1245,3
4184,736,3
4184,1611,4
4184,3616,3
4184,3623,4
4184,3624,3
4184,3691,2
4184,1027,3
4184,3717,2
4184,527,5
4184,3744,3
4184,3745,2
4184,3751,4
4184,3752,3
4184,3753,4
4192,3791,2
4192,3791,2
4192,3802,2
4192,3809,3
4192,3836,4
4192,3844,2
4192,3846,3
4192,3147,5
4192,2567,2
4192,1687,4
4192,2694,3
4192,3752,3
4192,3755,4
4192,3764,3
4192,3766,2
4192,1097,3
4192,3784,2
4201,575,2
4201,575,2
4201,3793,5
4201,2421,3
4201,3081,5
4201,3082,4
4201,2161,5
4201,2193,4
4201,1967,5
4201,46,3
4201,3273,5
4201,3623,5
4201,3624,4
4201,838,4
4201,2399,5
4201,2733,4
4201,2021,4
4201,1097,3
4202,592,3
4202,592,3
4202,910,4
4202,2406,3
4202,2414,3
4202,1127,1
4202,2115,3
4202,1193,4
4202,1196,5
4202,1198,5
4202,3104,4
4202,2161,3
4202,2987,5
4202,1291,5
4202,2615,2
4202,3699,4
4202,1374,3
4211,3802,3
4211,3802,3
4211,3812,2
4211,3834,2
4211,3836,4
4211,3840,4
4211,3841,4
4211,3844,5
4211,3194,4
4211,2926,1
4211,1760,1
4211,3763,4
4211,3764,4
4211,3766,2
4211,3767,2
4211,3768,3
4211,3769,4
4211,3773,3
4211,3774,2
4228,589,5
4228,589,5
4228,3007,3
4228,593,4
4228,3421,4
4228,223,1
4228,225,4
4228,2858,2
4228,1121,1
4228,1193,4
4228,3147,4
4228,2501,5
4228,1617,4
4228,102,1
4228,1721,4
4228,2706,3
4228,150,5
4228,527,4
4228,2028,5
4230,3792,5
4230,3792,5
4230,3795,5
4230,2096,4
4230,926,4
4230,3801,3
4230,3806,4
4230,3812,4
4230,3841,3
4230,1196,3
4230,1927,4
4230,3753,4
4230,3755,5
4230,3763,3
4230,3764,3
4230,3784,5
4244,1136,3
4244,1136,3
4244,2568,3
4244,1911,3
4244,24,5
4244,2901,4
4244,2961,3
4244,2987,5
4244,3201,2
4244,3203,3
4244,2392,3
4244,2761,5
4244,2770,3
4244,1083,4
4244,2038,2
4254,3039,5
4254,3039,5
4254,2174,5
4254,3173,4
4254,2536,3
4254,1968,4
4254,2918,5
4254,1220,5
4254,1259,5
4254,1270,4
4254,1282,5
4254,2243,4
4254,1663,5
4254,3608,4
4254,2716,4
4254,2791,4
4254,2797,5
4254,2000,3
4254,1079,5
4259,1894,3
4259,1894,3
4259,2858,5
4259,1198,4
4259,2164,3
4259,3147,5
4259,3175,4
4259,3578,5
4259,1604,3
4259,3617,3
4259,3623,4
4259,3624,5
4259,3646,3
4259,832,4
4259,3751,5
4259,2020,2
4259,3762,2
4259,3782,2
4259,3785,3
4304,6,4
4304,6,4
4304,3006,5
4304,2413,4
4304,296,5
4304,608,3
4304,1196,4
4304,2144,4
4304,1584,5
4304,305,1
4304,318,5
4304,36,5
4304,39,4
4304,2959,4
4304,2997,5
4304,3298,3
4304,2329,4
4304,1721,4
4304,2028,5
4332,3052,4
4332,3052,4
4332,2402,3
4332,3081,4
4332,296,5
4332,2858,5
4332,2146,3
4332,3145,3
4332,3175,2
4332,737,1
4332,3238,3
4332,3269,3
4332,1729,5
4365,3791,2
4365,3791,2
4365,1439,1
4365,910,3
4365,3802,1
4365,3809,4
4365,3837,3
4365,3838,2
4365,3839,2
4365,3840,2
4365,3844,5
4365,3848,2
4365,1196,4
4365,2245,4
4365,1644,2
4365,527,4
4365,3760,2
4365,3763,3
4365,3773,1
4372,1409,4
4372,1409,4
4372,3067,5
4372,3081,5
4372,225,4
4372,2826,4
4372,1127,5
4372,2883,4
4372,3147,4
4372,3174,4
4372,3176,3
4372,2535,3
4372,2966,5
4372,2976,4
4372,3298,4
4372,2683,2
4372,2699,4
4383,593,4
4383,593,4
4383,3052,4
4383,3082,3
4383,2858,5
4383,3844,5
4383,3101,2
4383,3147,2
4383,3155,5
4383,3174,1
4383,3180,1
4383,3186,4
4383,356,5
4383,39,3
4383,2997,4
4383,3299,1
4383,3302,4
4383,3326,4
4383,1099,4
4392,2163,4
4392,2163,4
4392,2174,1
4392,3179,3
4392,1968,3
4392,34,5
4392,1200,4
4392,2997,4
4392,1270,4
4392,2628,3
4392,2699,1
4392,2311,3
4392,1721,2
4392,2706,4
4392,150,3
4392,153,3
4392,2748,4
4392,2011,4
4392,2012,4
4393,3052,3
4393,3052,3
4393,2858,5
4393,2571,5
4393,318,5
4393,1200,4
4393,1210,5
4393,1213,5
4393,1221,5
4393,1614,2
4393,3298,5
4393,832,4
4393,858,5
4393,104,5
4393,2385,1
4393,1061,4
4393,2023,4
4393,1094,1
4398,593,5
4398,593,5
4398,246,4
4398,1101,4
4398,608,5
4398,318,5
4398,356,5
4398,1270,3
4398,2248,5
4398,1721,5
4398,2747,5
4398,1013,4
4413,3792,5
4413,3792,5
4413,3072,4
4413,2856,3
4413,2881,4
4413,1513,4
4413,3185,4
4413,2598,4
4413,3543,4
4413,1952,5
4413,1961,4
4413,2605,4
4413,2688,3
4413,2699,3
4413,2396,5
4413,2710,3
4413,3384,3
4413,2013,4
4419,3798,5
4419,3798,5
4419,3005,4
4419,2858,4
4419,3821,2
4419,1198,2
4419,3510,4
4419,2903,1
4419,1968,4
4419,1200,3
4419,3615,4
4419,3623,3
4419,2683,5
4419,2694,4
4419,2699,4
4419,2355,3
4419,2710,2
4419,3753,3
4419,3755,5
4463,3795,4
4463,3795,4
4463,902,4
4463,1873,4
4463,608,4
4463,3167,4
4463,344,2
4463,50,5
4463,1249,5
4463,2989,2
4463,3244,4
4463,3246,3
4463,2639,4
4463,1704,3
4463,1719,5
4463,515,5
4463,1089,3
4464,3791,3
4464,3791,3
4464,593,4
4464,920,3
4464,248,3
4464,3801,3
4464,3834,3
4464,3844,3
4464,1948,3
4464,1234,5
4464,1276,4
4464,3253,1
4464,3608,1
4464,3751,4
4464,2016,2
4464,1086,4
4492,3005,3
4492,3005,3
4492,3016,3
4492,2858,5
4492,1127,3
4492,1198,5
4492,2161,5
4492,3145,4
4492,3516,4
4492,76,3
4492,2997,4
4492,3203,4
4492,2644,4
4492,2706,4
4492,2707,5
4492,2710,1
4492,2770,3
4492,527,5
4525,2890,3
4525,2890,3
4525,1196,5
4525,3146,2
4525,356,5
4525,1200,3
4525,1204,4
4525,2944,5
4525,1208,5
4525,1245,4
4525,1250,3
4525,1294,5
4525,1299,4
4525,2628,3
4525,2395,4
4525,151,4
4525,2023,4
4525,1090,5
4527,2052,2
4527,2052,2
4527,242,3
4527,1196,4
4527,1507,2
4527,2525,2
4527,3578,5
4527,3598,3
4527,1639,5
4527,3617,5
4527,3623,5
4527,3624,3
4527,459,3
4527,3685,3
4527,1397,5
4527,3720,5
4527,1051,4
4527,3751,4
4527,3753,5
4547,3793,4
4547,3793,4
4547,2858,4
4547,2908,2
4547,1210,3
4547,2959,1
4547,780,2
4547,3615,3
4547,3623,3
4547,2683,3
4547,2686,4
4547,480,4
4547,2355,5
4547,2706,2
4547,2712,1
4547,1777,3
4547,3751,4
4548,2433,4
4548,2433,4
4548,223,3
4548,2858,5
4548,1127,4
4548,2188,2
4548,2541,3
4548,3203,3
4548,2683,4
4548,2706,4
4548,2770,3
4548,2772,3
4548,2041,3
4549,3081,5
4549,3081,5
4549,2514,3
4549,2995,3
4549,724,5
4549,1644,5
4549,3264,4
4549,2617,2
4549,2628,1
4549,2315,5
4549,1717,4
4549,2389,1
4549,2710,1
4549,2713,3
4549,2719,3
4549,1020,2
4549,1027,3
4549,2026,5
4554,1487,3
4554,1487,3
4554,3095,4
4554,3499,5
4554,2155,2
4554,2174,1
4554,2571,3
4554,356,5
4554,34,4
4554,367,3
4554,1210,3
4554,788,4
4554,2706,4
4554,2797,3
4554,1097,5
4576,2409,3
4576,2409,3
4576,940,4
4576,1499,4
4576,2539,3
4576,19,3
4576,344,3
4576,1961,5
4576,1967,5
4576,1214,5
4576,1225,4
4576,3206,4
4576,1688,4
4576,1032,5
4576,1036,4
4576,1097,5
4597,3027,1
4597,3027,1
4597,2433,3
4597,2485,4
4597,2805,3
4597,86,4
4597,1270,5
4597,3203,3
4597,2605,5
4597,2628,3
4597,3623,5
4597,2683,1
4597,1375,1
4597,2724,4
4597,2762,5
4597,2763,3
4614,2076,4
4614,2076,4
4614,3083,5
4614,1964,4
4614,2969,2
4614,1230,4
4614,1252,5
4614,2236,4
4614,1617,5
4614,2621,4
4614,457,4
4614,492,4
4614,2357,5
4614,1727,3
4614,3788,3
4622,589,2
4622,589,2
4622,1461,3
4622,231,4
4622,260,5
4622,648,4
4622,1194,3
4622,1198,5
4622,3552,4
4622,1968,3
4622,371,3
4622,2947,3
4622,1210,4
4622,1610,4
4622,2628,2
4622,3635,4
4622,2794,3
4622,2795,4
4628,2433,4
4628,2433,4
4628,3408,4
4628,1832,4
4628,2861,4
4628,2881,4
4628,1911,3
4628,2976,3
4628,3247,4
4628,2605,4
4628,2669,3
4628,2688,3
4628,2369,3
4628,2396,4
4628,2714,3
4628,2757,4
4628,2762,4
4628,527,5
4628,1086,3
4672,913,5
4672,913,5
4672,920,5
4672,968,2
4672,3475,4
4672,3814,4
4672,1911,2
4672,3516,4
4672,1935,5
4672,3543,3
4672,2908,1
4672,2283,3
4672,2607,5
4672,2683,1
4672,2369,4
4672,2721,4
4672,2734,3
4677,3082,4
4677,3082,4
4677,260,4
4677,3809,3
4677,3873,5
4677,3147,5
4677,1230,5
4677,1244,4
4677,3260,4
4677,2303,5
4677,2730,3
4677,1028,4
4677,1090,5
4677,3783,5
4730,3789,4
4730,3789,4
4730,3791,4
4730,3801,5
4730,3809,3
4730,3810,4
4730,1198,4
4730,3551,4
4730,2915,4
4730,1264,3
4730,3396,4
4730,3729,3
4730,3730,5
4730,3731,3
4730,3733,4
4730,3734,4
4730,3737,5
4730,3751,4
4730,3764,4
4741,2073,4
4741,2073,4
4741,904,5
4741,3062,4
4741,296,5
4741,2858,5
4741,608,5
4741,1198,4
4741,1918,3
4741,44,3
4741,50,5
4741,1213,5
4741,1256,4
4741,1617,5
4741,2300,5
4741,541,5
4749,2069,4
4749,2069,4
4749,3081,3
4749,3082,3
4749,279,4
4749,2861,3
4749,2891,3
4749,3147,4
4749,3174,3
4749,3176,4
4749,3185,4
4749,3189,5
4749,2997,4
4749,1287,4
4749,2628,3
4749,419,2
4749,2762,5
4749,2028,4
4752,911,4
4752,911,4
4752,933,4
4752,1197,5
4752,2146,4
4752,1571,4
4752,1912,2
4752,17,5
4752,36,4
4752,1210,3
4752,1247,5
4752,1265,4
4752,2248,5
4752,2692,4
4752,440,4
4752,3668,5
4752,1307,5
4752,898,5
4752,1066,4
4758,3005,4
4758,3005,4
4758,1183,2
4758,3147,3
4758,3148,5
4758,1584,4
4758,17,4
4758,3555,1
4758,2903,4
4758,36,3
4758,62,3
4758,73,5
4758,3260,4
4758,858,4
4758,2336,5
4758,1393,4
4758,1704,5
4758,199,4
4758,2028,5
4775,3052,3
4775,3052,3
4775,990,3
4775,273,3
4775,2889,4
4775,3113,2
4775,2914,2
4775,2976,5
4775,2979,3
4775,2997,5
4775,1270,4
4775,3238,2
4775,2628,3
4775,2762,5
4775,527,3
4776,1,5
4776,1,5
4776,595,5
4776,3418,3
4776,1894,3
4776,3499,5
4776,2501,5
4776,3160,1
4776,356,5
4776,36,5
4776,2918,4
4776,380,5
4776,2268,5
4776,1672,5
4776,457,5
4776,2302,3
4776,1393,5
4776,1704,5
4776,1784,5
4881,968,4
4881,968,4
4881,3408,4
4881,2858,4
4881,3185,5
4881,2575,4
4881,318,4
4881,1959,4
4881,2908,4
4881,2926,4
4881,2997,4
4881,2686,4
4881,2688,4
4881,2333,3
4881,2396,5
4881,2724,3
4881,2762,4
4881,527,4
4912,3004,4
4912,3004,4
4912,3006,5
4912,3051,4
4912,920,3
4912,3072,5
4912,2858,5
4912,3125,4
4912,3145,4
4912,3163,3
4912,3176,3
4912,3186,3
4912,2966,5
4912,2996,3
4912,2997,5
4912,3255,4
4912,1663,4
4912,1392,4
4912,1394,5
4926,1,4
4926,1,4
4926,2081,3
4926,2406,4
4926,1835,3
4926,222,4
4926,1197,3
4926,1198,3
4926,1580,3
4926,1961,4
4926,2605,3
4926,2662,4
4926,487,4
4926,838,3
4926,2392,2
4926,2716,3
4926,1028,4
4935,912,4
4935,912,4
4935,246,4
4935,2858,5
4935,1136,4
4935,1148,4
4935,1183,3
4935,1193,3
4935,3146,1
4935,36,3
4935,1265,3
4935,2628,1
4935,1717,3
4935,2028,4
4943,912,5
4943,912,5
4943,2497,3
4943,1131,5
4943,1132,5
4943,621,5
4943,1172,5
4943,1956,4
4943,1961,4
4943,2919,5
4943,1217,5
4943,1225,5
4943,1270,3
4943,1296,3
4943,3602,4
4943,1300,5
4943,1036,1
4943,1097,4
4944,908,5
4944,908,5
4944,924,5
4944,2409,3
4944,260,4
4944,2102,3
4944,1196,4
4944,1199,5
4944,2571,5
4944,32,5
4944,1985,1
4944,1206,5
4944,2968,5
4944,1240,5
4944,1270,5
4944,750,5
4944,2628,5
4944,541,5
4944,1077,4
4991,3789,4
4991,3789,4
4991,3006,5
4991,2439,3
4991,3426,4
4991,1193,5
4991,1198,4
4991,2501,4
4991,3698,2
4991,3699,3
4991,866,1
4991,3702,4
4991,3703,4
4991,3704,4
4991,2762,4
4991,3711,3
4991,3733,4
4991,3735,3
4991,1082,4
5007,3083,5
5007,3083,5
5007,1873,4
5007,3481,5
5007,1894,4
5007,296,5
5007,2863,5
5007,1148,5
5007,1197,5
5007,1583,3
5007,3555,4
5007,3580,2
5007,1223,5
5007,1246,5
5007,720,5
5007,2997,5
5007,745,5
5007,3618,4
5007,1097,4
5012,599,5
5012,599,5
5012,3494,3
5012,2527,2
5012,3508,4
5012,2921,4
5012,2951,4
5012,1283,4
5012,3253,2
5012,2628,4
5012,2653,3
5012,3671,3
5012,3681,3
5012,1304,4
5012,2701,2
5012,1008,3
5028,588,3
5028,588,3
5028,2078,4
5028,3034,2
5028,2091,3
5028,914,4
5028,919,3
5028,3052,2
5028,3429,5
5028,1148,5
5028,3159,3
5028,1223,5
5028,899,3
5028,2710,3
5028,3398,3
5028,1028,3
5028,3751,4
5028,1097,5
5043,587,4
5043,587,4
5043,2424,4
5043,2497,5
5043,1888,5
5043,1101,5
5043,1569,4
5043,356,4
5043,357,4
5043,74,5
5043,2950,4
5043,711,4
5043,3269,4
5043,2671,5
5043,1367,5
5043,2396,3
5043,2724,4
5043,543,3
5043,1097,5
5052,919,5
5052,919,5
5052,208,5
5052,2132,4
5052,3147,5
5052,3194,4
5052,1221,3
5052,1657,4
5052,1394,2
5052,150,3
5052,3702,5
5052,2761,4
5052,3753,5
5052,541,4
5052,2028,3
5052,1097,4
5116,574,4
5116,574,4
5116,2858,5
5116,1537,5
5116,3148,5
5116,3157,2
5116,3163,5
5116,3175,4
5116,1953,5
5116,2908,5
5116,1961,4
5116,1246,4
5116,2997,5
5116,1265,5
5116,2324,5
5116,2396,5
5116,2762,4
5117,2858,4
5117,2858,4
5117,2541,2
5117,1909,2
5117,2997,4
5117,3248,3
5117,2683,5
5117,2694,4
5117,2396,5
5117,2707,4
5117,2710,3
5117,2712,2
5117,2716,2
5117,2724,3
5117,1006,3
5117,2763,4
5117,2028,4
5117,1097,4
5119,298,5
5119,298,5
5119,1136,5
5119,2890,2
5119,1188,5
5119,1196,1
5119,1244,5
5119,2997,5
5119,1265,3
5119,1294,3
5119,1641,5
5119,1380,4
5119,2352,3
5119,1704,3
5119,2396,4
5119,3361,3
5119,176,5
5119,543,4
5122,3052,5
5122,3052,5
5122,3078,5
5122,2858,5
5122,3147,5
5122,3176,4
5122,1573,5
5122,1580,4
5122,1584,5
5122,2571,5
5122,2908,5
5122,32,5
5122,1265,4
5122,788,4
5122,3270,4
5122,2762,5
5145,3052,4
5145,3052,4
5145,3053,1
5145,3081,3
5145,3082,2
5145,1845,1
5145,2858,5
5145,2152,4
5145,3113,2
5145,3145,4
5145,3147,3
5145,3176,4
5145,2907,1
5145,2997,5
5145,2267,2
5145,2762,5
5145,3742,5
5159,3,3
5159,3,3
5159,3452,2
5159,260,5
5159,3190,2
5159,3510,4
5159,3513,3
5159,3578,3
5159,2628,4
5159,3615,3
5159,511,2
5159,3752,2
5160,2084,5
5160,2084,5
5160,919,4
5160,236,5
5160,260,4
5160,296,4
5160,2858,4
5160,1136,5
5160,2145,5
5160,318,5
5160,319,4
5160,34,3
5160,1247,5
5160,778,5
5160,1635,3
5160,1694,3
5160,1699,2
5160,1080,5
5160,2029,4
5168,1,5
5168,1,5
5168,597,4
5168,2473,3
5168,1193,5
5168,1196,4
5168,3114,4
5168,1517,5
5168,1923,5
5168,11,4
5168,356,5
5168,34,4
5168,62,5
5168,1265,5
5168,2671,5
5168,2683,3
5168,480,5
5168,1784,5
5168,2770,4
5174,3007,5
5174,3007,5
5174,3055,5
5174,235,4
5174,2891,3
5174,3115,4
5174,3116,4
5174,3118,4
5174,3125,4
5174,3129,5
5174,3146,1
5174,3163,5
5174,3186,4
5174,2908,4
5174,2912,5
5174,2921,4
5174,3636,4
5174,1344,4
5174,2018,4
5192,913,5
5192,913,5
5192,223,5
5192,3175,4
5192,1590,1
5192,21,4
5192,1201,3
5192,1235,5
5192,1643,3
5192,2628,3
5192,2686,4
5192,3699,4
5192,2336,4
5192,2355,4
5192,2723,4
5192,2761,5
5192,2028,5
5207,1404,4
5207,1404,4
5207,2065,4
5207,2081,5
5207,2088,1
5207,2406,4
5207,3422,3
5207,2100,4
5207,1172,5
5207,2919,4
5207,1210,2
5207,1270,4
5207,1296,3
5207,2243,4
5207,2248,5
5207,1617,5
5207,1674,5
5207,3685,4
5207,2020,4
5215,902,5
5215,902,5
5215,3072,5
5215,3435,4
5215,2138,3
5215,3101,4
5215,2521,4
5215,58,4
5215,1207,5
5215,1221,5
5215,1230,4
5215,720,5
5215,745,5
5215,515,5
5216,593,3
5216,593,3
5216,2858,5
5216,1127,4
5216,2188,2
5216,2555,1
5216,318,5
5216,34,3
5216,3593,1
5216,2997,4
5216,2683,4
5216,2694,3
5216,2699,2
5216,2355,5
5216,1721,1
5216,3360,2
5216,2706,4
5216,2710,3
5216,2028,5
5258,3037,5
5258,3037,5
5258,2490,5
5258,1112,3
5258,694,3
5258,2515,3
5258,2568,5
5258,1277,3
5258,749,4
5258,3267,5
5258,3652,5
5258,457,5
5258,2307,5
5258,2341,4
5258,2396,5
5258,1788,3
5295,595,4
5295,595,4
5295,3082,5
5295,2474,4
5295,3461,2
5295,616,3
5295,3175,3
5295,3552,5
5295,3591,3
5295,1221,3
5295,3608,4
5295,3614,4
5295,3649,4
5295,454,3
5295,1304,4
5295,2762,5
5295,3740,3
5309,223,5
5309,223,5
5309,2858,4
5309,1127,3
5309,1136,5
5309,1196,5
5309,50,4
5309,785,4
5309,3203,4
5309,2605,2
5309,2683,3
5309,2699,3
5309,2336,5
5309,2355,4
5309,2706,4
5309,527,5
5309,2028,5
5314,1188,3
5314,1188,3
5314,3175,5
5314,318,5
5314,10,3
5314,32,5
5314,2959,4
5314,2628,3
5314,3671,4
5314,3676,1
5314,3684,3
5314,2391,4
5314,2792,2
5320,1,3
5320,1,3
5320,2142,1
5320,3114,1
5320,1566,1
5320,3505,2
5320,1907,5
5320,1920,2
5320,356,1
5320,358,5
5320,3578,4
5320,364,5
5320,48,3
5320,1221,1
5320,783,1
5320,1688,3
5320,2394,4
5320,2761,5
5320,1064,1
5380,3006,5
5380,3006,5
5380,3042,1
5380,2470,4
5380,3452,4
5380,3484,2
5380,2836,3
5380,3174,3
5380,3534,1
5380,3535,5
5380,3578,3
5380,3593,1
5380,3598,3
5380,66,2
5380,3268,1
5380,3355,4
5388,3409,4
5388,3409,4
5388,3418,4
5388,1196,3
5388,1198,5
5388,1573,5
5388,3512,4
5388,1912,4
5388,3535,2
5388,349,5
5388,3594,3
5388,1291,5
5388,457,4
5388,1387,4
5388,2353,4
5388,1036,4
5388,507,4
5388,527,5
5388,2028,3
5391,2076,4
5391,2076,4
5391,3082,3
5391,265,4
5391,3157,1
5391,355,1
5391,1201,4
5391,3243,1
5391,3633,4
5391,3638,4
5391,3653,4
5391,1300,3
5391,1304,4
5391,1333,4
5391,1375,3
5391,2762,5
5391,508,3
5391,2022,4
5400,3404,2
5400,3404,2
5400,3408,3
5400,3409,5
5400,1829,4
5400,3452,4
5400,3457,5
5400,3483,3
5400,3534,3
5400,3535,3
5400,3536,3
5400,3578,5
5400,3623,5
5400,3624,5
5400,2694,5
5400,1340,3
5400,1042,5
5400,536,1
5409,593,3
5409,593,3
5409,902,3
5409,3052,4
5409,3082,2
5409,1488,4
5409,3466,4
5409,3174,3
5409,3175,3
5409,2912,3
5409,1210,3
5409,2976,2
5409,1250,5
5409,2997,3
5409,2628,2
5409,2748,1
5409,2762,5
5411,1411,5
5411,1411,5
5411,914,5
5411,3055,1
5411,3081,1
5411,3082,3
5411,261,3
5411,3125,1
5411,1941,4
5411,1210,4
5411,3238,1
5411,2628,3
5411,3668,5
5411,2712,2
5411,2762,2
5411,1073,4
5439,3789,5
5439,3789,5
5439,3006,5
5439,3022,5
5439,912,4
5439,919,5
5439,2858,4
5439,2883,4
5439,3174,3
5439,2966,4
5439,3649,2
5439,1387,4
5439,3742,5
5439,3744,1
5439,3746,5
5439,3752,1
5439,3788,3
5465,2433,3
5465,2433,3
5465,2858,5
5465,2134,4
5465,1911,2
5465,2581,3
5465,2599,4
5465,2987,2
5465,2997,5
5465,3273,1
5465,1304,2
5465,1362,5
5465,2336,5
5465,111,5
5465,2396,4
5465,2706,2
5465,2712,4
5465,2016,1
5467,590,5
5467,590,5
5467,3037,5
5467,2405,4
5467,3074,4
5467,3093,5
5467,971,4
5467,2478,1
5467,3467,4
5467,3494,4
5467,3543,4
5467,368,2
5467,1283,4
5467,1288,4
5467,3699,3
5467,1304,4
5467,3379,5
5467,2012,1
5525,595,4
5525,595,4
5525,2081,4
5525,3114,4
5525,1517,5
5525,356,5
5525,1271,5
5525,2687,4
5525,480,4
5525,2355,4
5525,150,5
5525,2761,1
5525,2762,5
5525,1042,5
5529,912,5
5529,912,5
5529,934,3
5529,2804,4
5529,3512,5
5529,3536,5
5529,3571,5
5529,3617,5
5529,423,3
5529,3317,5
5529,3319,5
5529,3327,5
5529,110,5
5529,538,3
5533,2442,4
5533,2442,4
5533,2453,2
5533,260,5
5533,1185,5
5533,3101,2
5533,2173,4
5533,1217,5
5533,1304,4
5533,2797,4
5533,2019,5
5533,2028,3
5608,3006,4
5608,3006,4
5608,3035,4
5608,908,3
5608,3408,4
5608,3424,5
5608,2804,4
5608,608,4
5608,3160,4
5608,2908,4
5608,1208,3
5608,1247,3
5608,1293,4
5608,1676,2
5608,480,3
5608,1719,5
5608,3328,4
5608,1097,3
5694,595,4
5694,595,4
5694,910,4
5694,913,5
5694,1127,3
5694,1197,4
5694,2147,4
5694,2555,3
5694,1911,4
5694,2598,4
5694,3552,4
5694,2997,5
5694,1284,4
5694,1304,4
5694,3334,4
5694,2390,5
5694,2396,4
5694,2706,5
5694,1014,3
5725,3005,4
5725,3005,4
5725,1442,3
5725,3052,5
5725,2861,1
5725,3113,3
5725,3510,4
5725,3556,4
5725,2908,5
5725,1210,4
5725,2997,5
5725,3298,4
5725,1342,1
5725,3300,4
5725,3354,1
5725,145,2
5772,2470,3
5772,2470,3
5772,3481,1
5772,3484,3
5772,3511,1
5772,3512,3
5772,3513,4
5772,3536,4
5772,3553,2
5772,3554,4
5772,3555,4
5772,3565,4
5772,2944,5
5772,2989,3
5772,3354,3
5772,2028,4
5804,2067,5
5804,2067,5
5804,590,3
5804,912,2
5804,920,2
5804,1459,4
5804,944,2
5804,260,4
5804,2858,3
5804,3545,4
5804,1959,5
5804,1961,5
5804,356,3
5804,3591,3
5804,1230,4
5804,1270,4
5804,1682,5
5804,3317,4
5828,3052,2
5828,3052,2
5828,3072,4
5828,3471,4
5828,2827,1
5828,2840,2
5828,2861,1
5828,3113,1
5828,2912,4
5828,2974,1
5828,2976,4
5828,2995,1
5828,2712,1
5828,2762,3
5828,2028,4
5863,3005,5
5863,3005,5
5863,593,3
5863,3052,3
5863,942,3
5863,3405,2
5863,2829,4
5863,2861,3
5863,2870,4
5863,2881,5
5863,3157,3
5863,3175,5
5863,2906,5
5863,356,5
5863,2961,3
5863,2716,3
5877,913,4
5877,913,4
5877,915,1
5877,3053,3
5877,2879,3
5877,1196,5
5877,3176,4
5877,711,2
5877,1257,5
5877,2628,5
5877,3300,4
5877,2395,3
5877,2700,5
5877,2710,4
5877,2716,5
5877,2724,1
5877,2761,4
5877,2762,5
5899,597,4
5899,597,4
5899,3018,1
5899,2082,3
5899,3033,4
5899,2416,2
5899,3489,4
5899,1907,4
5899,3551,4
5899,3552,5
5899,1967,3
5899,3591,4
5899,62,3
5899,2995,2
5899,3339,3
5899,2762,5
5899,2023,3
5904,589,5
5904,589,5
5904,597,3
5904,2076,4
5904,913,4
5904,1127,3
5904,2124,3
5904,3552,3
5904,345,4
5904,356,4
5904,1617,3
5904,2628,3
5904,410,2
5904,1375,3
5904,1095,2
5932,589,4
5932,589,4
5932,912,5
5932,3418,3
5932,1100,2
5932,1921,4
5932,2916,4
5932,377,4
5932,1208,5
5932,733,1
5932,1277,4
5932,780,2
5932,1617,2
5932,457,4
5932,480,4
5932,1379,1
5932,122,3
5932,2028,5
5944,2064,1
5944,2064,1
5944,915,4
5944,218,1
5944,234,1
5944,1172,5
5944,2574,1
5944,1933,1
5944,32,1
5944,1210,1
5944,1255,1
5944,2636,1
5944,422,1
5944,480,1
5944,1307,5
5944,511,1
5944,559,1
5962,3068,4
5962,3068,4
5962,934,4
5962,246,3
5962,260,5
5962,296,5
5962,608,5
5962,1196,5
5962,1198,4
5962,50,5
5962,1221,5
5962,1394,3
5962,110,5
5962,3359,5
5962,541,5
5962,2028,5
5967,3005,3
5967,3005,3
5967,3006,5
5967,1499,4
5967,2861,2
5967,2884,3
5967,2108,3
5967,1193,4
5967,2908,5
5967,2959,5
5967,2975,2
5967,2284,4
5967,2609,4
5967,2611,4
5967,2628,3
5967,2712,4
5967,2028,5
6034,913,5
6034,913,5
6034,942,5
6034,967,3
6034,3435,4
6034,1179,5
6034,3130,3
6034,320,3
6034,344,2
6034,1248,5
6034,1260,5
6034,1267,5
6034,1284,5
6034,1617,4
6034,1345,4
6034,3334,3
6034,527,4
6034,541,5
6038,1419,4
6038,1419,4
6038,920,3
6038,3088,5
6038,232,4
6038,1136,4
6038,1148,5
6038,1183,5
6038,2146,4
6038,3548,4
6038,1210,4
6038,1223,5
6038,1296,5
6038,1354,3
6038,1387,2
6038,2700,1
6038,2716,3
6038,3396,3
6038,1079,5
